Measure:volume	Left-Lateral-Ventricle	Left-Inf-Lat-Vent	Left-Cerebellum-White-Matter	Left-Cerebellum-Cortex	Left-Thalamus-Proper	Left-Caudate	Left-Putamen	Left-Pallidum	3rd-Ventricle	4th-Ventricle	Brain-Stem	Left-Hippocampus	Left-Amygdala	CSF	Left-Accumbens-area	Left-VentralDC	Left-vessel	Left-choroid-plexus	Right-Lateral-Ventricle	Right-Inf-Lat-Vent	Right-Cerebellum-White-Matter	Right-Cerebellum-Cortex	Right-Thalamus-Proper	Right-Caudate	Right-Putamen	Right-Pallidum	Right-Hippocampus	Right-Amygdala	Right-Accumbens-area	Right-VentralDC	Right-vessel	Right-choroid-plexus	5th-Ventricle	WM-hypointensities	Left-WM-hypointensities	Right-WM-hypointensities	non-WM-hypointensities	Left-non-WM-hypointensities	Right-non-WM-hypointensities	Optic-Chiasm	CC_Posterior	CC_Mid_Posterior	CC_Central	CC_Mid_Anterior	CC_Anterior	BrainSegVol	BrainSegVolNotVent	BrainSegVolNotVentSurf	lhCortexVol	rhCortexVol	CortexVol	lhCerebralWhiteMatterVol	rhCerebralWhiteMatterVol	CerebralWhiteMatterVol	SubCortGrayVol	TotalGrayVol	SupraTentorialVol	SupraTentorialVolNotVent	SupraTentorialVolNotVentVox	MaskVol	BrainSegVol-to-eTIV	MaskVol-to-eTIV	lhSurfaceHoles	rhSurfaceHoles	SurfaceHoles	EstimatedTotalIntraCranialVol
sub-02_T1w	8738.6	316.7	15838.3	55606.1	7805.4	3477.3	5409.2	2213.8	1522.5	2823.2	22389.7	4510.1	1638.7	1313.2	676.1	4816.8	32.5	774.5	9767.9	601.8	13647.2	56106.8	7023.3	3779.9	5628.5	2226.2	4448.3	2036.0	490.4	4639.4	56.8	897.5	0.0	664.3	0.0	0.0	0.0	0.0	0.0	108.6	1078.3	678.3	533.0	553.1	1004.0	1185967.0	1159860.0	1159660.154618	239849.908813	242746.78286	482596.691673	238280.987039	236004.475906	474285.462945	62124.0	657099.691673	1041747.154618	1021102.154618	1019208.0	1631351.0	0.787131	1.082734	42.0	21.0	63.0	1506696.560129
sub-03_T1w	8198.5	554.4	14780.2	62023.3	8306.5	3718.2	5064.0	2014.5	1431.7	1919.3	19498.5	4173.6	1940.7	889.3	495.1	4282.3	32.8	441.9	6710.3	302.8	12789.2	59895.7	7189.3	3784.3	5730.0	2043.2	4235.1	2273.8	593.9	4094.5	36.2	387.2	0.0	722.3	0.0	0.0	0.0	0.0	0.0	121.4	803.8	544.4	479.4	492.2	812.1	1268777.0	1248661.0	1248830.788607	293182.928018	290138.817068	583321.745086	229509.808254	224272.235267	453782.043521	61207.0	768171.745086	1117726.788607	1101721.788607	1098049.0	1688549.0	0.788628	1.049544	39.0	41.0	80.0	1608840.227484
sub-04_T1w	4469.9	392.2	16892.1	62524.7	7672.9	3347.4	4891.0	1901.9	820.7	1743.5	20339.4	4092.5	1836.0	758.6	564.1	4434.0	28.1	381.0	3253.4	320.3	15556.9	61307.2	7509.9	3188.5	4815.4	1784.5	4310.3	1897.8	599.7	4472.4	40.0	484.6	0.0	533.6	0.0	0.0	0.0	0.0	0.0	156.0	830.7	485.2	607.2	497.9	701.0	1179516.0	1167578.0	1167689.451182	256843.350448	252335.592637	509178.943086	223625.233378	219418.274718	443043.508096	58592.0	692978.943086	1022854.451182	1014055.451182	1010659.0	1531704.0	0.7988	1.037312	29.0	31.0	60.0	1476609.131961
sub-05_T1w	3850.1	207.4	16471.6	52831.9	8019.7	3630.6	5994.1	2371.2	625.4	988.9	21040.6	4717.3	1734.4	596.1	592.1	4775.2	23.7	334.6	3338.5	189.2	15440.8	52746.4	7753.0	3621.2	5976.5	2369.8	4593.6	1687.6	583.1	4351.8	28.9	355.7	0.0	871.3	0.0	0.0	0.0	0.0	0.0	105.8	1146.9	730.9	799.6	858.4	1139.3	1250947.0	1241545.0	1241419.581067	266772.190119	259403.860752	526176.050871	259236.826406	253816.70379	513053.530196	64266.0	697304.050871	1113514.581067	1106045.581067	1103584.0	1662152.0	0.766276	1.018162	15.0	13.0	28.0	1632502.076998
sub-07_T1w	6270.4	376.6	15803.3	65100.5	8238.0	3635.1	5485.5	2148.8	1064.3	2733.3	22032.8	4482.0	2206.4	1232.6	669.3	4546.3	23.0	349.4	6779.2	614.9	14467.7	67870.8	7598.5	3871.0	5632.9	2146.7	5375.1	2217.8	642.8	4398.8	27.3	627.4	0.0	1340.8	0.0	0.0	0.0	0.0	0.0	138.9	825.8	531.9	726.1	586.0	847.1	1243265.0	1223977.0	1223508.60468	268646.636057	265970.320266	534616.956323	230187.273264	231051.375093	461238.648357	64431.0	732925.956323	1077409.60468	1063029.60468	1060662.0	1679360.0	0.790946	1.068382	34.0	51.0	85.0	1571871.79983
sub-08_T1w	2800.5	161.2	16390.2	54012.9	7751.1	3461.4	4792.7	2117.4	825.0	1951.6	20746.1	4290.3	1597.5	858.7	500.0	4546.4	10.2	290.9	2568.7	281.7	14775.4	52840.7	7267.0	3414.8	5075.9	1777.9	4368.9	1763.8	555.6	4265.9	18.4	355.1	0.0	826.7	0.0	0.0	0.0	0.0	0.0	112.1	935.2	453.0	793.3	620.5	777.5	1070681.0	1061280.0	1061090.80606	224950.032487	222368.35168	447318.384167	209322.783105	207274.638788	416597.421893	59000.0	614392.384167	931307.80606	925372.80606	923029.0	1463128.0	0.788413	1.077398	27.0	13.0	40.0	1358020.078451
sub-09_T1w	4328.1	287.4	14051.5	53930.6	6022.6	3125.8	4735.3	1860.1	1152.7	1735.2	19407.8	3826.4	1724.2	581.2	388.5	3918.2	9.9	251.8	3831.8	292.4	13859.0	54433.8	6445.2	3150.6	4850.8	1492.8	4213.2	1643.9	443.6	3962.8	16.8	303.7	0.0	309.4	0.0	0.0	0.0	0.0	0.0	103.9	763.2	511.1	422.6	442.5	795.7	998225.0	986071.0	986152.217276	209012.027388	208329.177721	417341.205109	190157.698903	189603.313265	379761.012168	53094.0	579586.205109	860916.217276	852112.217276	850055.0	1353189.0	0.800338	1.084934	6.0	18.0	24.0	1247254.685053
sub-100_T1w	3337.4	253.3	14497.9	59175.3	6915.4	3282.5	4494.0	1893.0	798.9	1650.0	17541.0	3644.9	1628.4	789.9	594.3	3754.4	59.9	449.7	3063.9	187.5	13648.6	59952.8	6548.7	3304.8	5020.4	1688.8	3943.1	1617.2	623.1	3809.2	27.8	433.0	0.0	1475.4	0.0	0.0	0.0	0.0	0.0	140.2	764.7	367.5	488.7	414.2	867.1	1097288.0	1087052.0	1086853.230319	242283.96201	246095.065507	488379.027517	198184.502976	198697.699825	396882.202801	54026.0	662457.027517	949308.230319	942179.230319	939471.0	1490815.0	0.779043	1.058436	13.0	13.0	26.0	1408507.672066
sub-101_T1w	4058.9	382.5	15209.2	62512.4	8292.3	3582.4	6163.5	2189.6	983.0	1523.1	21978.3	4296.3	1835.9	914.3	574.1	4966.4	29.7	515.4	4154.6	386.3	14592.4	64291.5	8219.9	3645.7	6357.5	1973.3	4191.3	1910.6	590.3	4897.4	26.6	447.2	0.0	740.8	0.0	0.0	0.0	0.0	0.0	322.2	845.8	461.3	606.8	643.5	949.4	1260809.0	1248051.0	1247918.758292	266658.44287	270212.597768	536871.040638	243795.778853	245575.9388	489371.717654	65033.0	729753.040638	1103760.758292	1094293.758292	1091198.0	1693790.0	0.792898	1.065191	32.0	30.0	62.0	1590127.329349
sub-102_T1w	5646.3	375.9	14866.5	50835.5	7732.9	3467.1	5035.2	2156.4	727.9	1416.4	20028.4	4179.3	1775.3	668.8	613.2	4011.4	15.9	465.3	5458.6	185.1	14091.0	52110.5	7433.3	3649.9	5198.0	2047.9	4193.5	1803.7	550.0	3837.8	23.2	620.6	0.0	649.4	0.0	0.0	0.0	0.0	0.0	56.4	891.9	571.1	534.0	624.2	862.2	1192105.0	1177257.0	1177419.566278	260323.343892	260065.192896	520388.536788	231841.019895	232899.009595	464740.02949	59014.0	684597.536788	1059985.566278	1047730.566278	1043944.0	1603912.0	0.787965	1.060164	28.0	41.0	69.0	1512891.138686
sub-103_T1w	12116.7	509.3	18776.3	68876.0	8153.9	5065.4	5706.1	1993.3	1358.0	2264.5	22541.9	4058.0	1864.0	1244.1	648.6	4518.9	52.7	565.3	12860.6	314.7	17222.1	70961.2	7539.9	4780.4	5714.9	2131.8	4355.6	2127.9	537.9	4229.1	17.0	603.8	0.0	1285.0	0.0	0.0	0.0	0.0	0.0	121.5	898.1	598.2	446.9	476.8	1024.5	1268579.0	1237210.0	1237037.974438	252964.370513	254658.681949	507623.052461	242041.914533	245506.007444	487547.921977	64832.0	714502.052461	1089953.974438	1063390.974438	1060109.0	1857913.0	0.712479	1.043469	106.0	129.0	235.0	1780515.358643
sub-104_T1w	6761.4	534.7	13481.9	53750.2	7331.9	3946.8	5221.4	1767.5	1374.0	2279.3	18799.2	4083.3	1369.2	916.1	581.0	4190.1	67.3	575.0	6223.2	358.7	12685.5	51996.7	6687.0	4082.5	5275.2	1788.9	4163.6	1620.8	590.7	4154.2	20.1	608.1	0.0	556.1	0.0	0.0	0.0	0.0	0.0	183.6	855.7	560.7	446.8	601.5	744.3	1096531.0	1077467.0	1077314.40458	240504.602693	243660.647303	484165.249996	201555.97015	201804.184433	403360.154584	58158.0	648912.249996	962597.40458	947936.40458	945782.0	1427487.0	0.893273	1.162881	29.0	36.0	65.0	1227543.045886
sub-105_T1w	6434.5	331.3	16398.9	62063.7	7885.6	3748.7	5503.3	2069.5	959.9	1853.5	19723.7	3712.5	1440.6	1389.7	586.6	4196.5	6.7	401.2	6232.3	312.9	16455.3	60033.2	6912.2	3804.1	5482.3	1807.8	3982.1	1708.6	585.4	4496.3	15.9	485.6	0.0	774.5	0.0	0.0	0.0	0.0	0.0	100.9	1130.5	616.0	612.4	586.9	802.1	1236630.0	1219161.0	1219556.704472	254215.450098	247728.713868	501944.163966	253711.574425	249444.966082	503156.540507	59393.0	684655.163966	1080541.704472	1067119.704472	1064011.0	1658394.0	0.834897	1.119646	15.0	21.0	36.0	1481177.594909
sub-106_T1w	9670.7	572.8	15397.7	62008.9	7633.8	3979.9	5103.2	2325.6	1020.1	2201.6	21508.1	4576.6	2149.8	1006.7	588.7	4418.0	48.5	402.5	12082.5	497.1	14216.7	62614.3	7652.6	4122.2	5109.3	2180.0	4276.6	2108.9	637.4	4229.7	25.3	631.1	0.0	775.2	0.0	0.0	0.0	0.0	0.0	183.2	1157.9	703.6	513.3	599.4	1239.7	1334735.0	1307269.0	1307008.056644	279547.863911	289143.612525	568691.476437	259194.911042	263240.669165	522435.580207	62412.0	756376.476437	1178869.056644	1155505.056644	1153729.0	1781643.0	0.760344	1.014929	23.0	17.0	40.0	1755435.775693
sub-107_T1w	8108.7	390.2	13854.0	57497.5	9015.8	3689.1	4077.7	1896.0	1466.5	2066.8	18711.5	4131.9	1863.8	1136.5	594.6	4252.9	2.0	431.6	6464.1	174.4	12625.4	57783.3	7246.6	3845.7	5543.2	1904.4	4125.5	1714.1	638.9	3898.8	17.4	433.2	0.0	652.3	0.0	0.0	0.0	0.0	0.0	120.6	538.5	436.6	469.2	442.2	811.8	1152465.0	1132347.0	1132534.554017	260738.079749	262852.114675	523590.194423	203175.859664	204516.499929	407692.359593	59381.0	699020.194423	1008874.554017	993263.554017	990387.0	1615002.0	0.752415	1.054393	25.0	24.0	49.0	1531688.69094
sub-108_T1w	4204.3	288.8	17837.5	59180.7	7943.9	4647.1	5996.1	2371.3	745.0	1633.2	23771.2	4591.7	1821.9	739.9	772.6	4804.9	44.9	417.8	3442.8	350.1	17780.3	61751.2	8139.0	4799.4	5940.0	2158.6	4579.7	1960.1	718.9	4764.4	15.0	340.4	0.0	1180.5	0.0	0.0	0.0	0.0	0.0	149.1	1168.4	783.1	895.6	825.6	1019.6	1316357.0	1304962.0	1305338.608003	280423.054972	277703.753471	558126.808444	261227.329466	261820.470092	523047.799559	67050.0	747445.808444	1159534.608003	1151066.608003	1147758.0	1781847.0	0.774166	1.047927	25.0	23.0	48.0	1700354.460519
sub-109_T1w	14132.4	355.8	19648.0	68445.8	7295.6	4003.5	5570.7	2133.3	1736.0	2146.5	24743.4	4423.9	1653.6	1272.3	604.4	4508.2	44.1	664.1	18137.1	514.4	18164.5	68836.6	6869.0	4124.0	5422.1	1967.6	4284.0	1654.7	625.5	4533.4	33.5	896.8	0.0	532.8	0.0	0.0	0.0	0.0	0.0	254.5	1194.3	779.6	563.2	734.3	1102.0	1376410.0	1336908.0	1336818.88626	290375.186402	288598.171732	578973.358134	260863.81597	260897.712156	521761.528126	60990.0	778093.358134	1198789.88626	1164363.88626	1161704.0	1851626.0	0.740463	0.996113	24.0	18.0	42.0	1858850.630764
sub-10_T1w	2779.5	250.0	16028.4	60819.7	6858.0	3052.5	4957.6	1962.8	717.6	1852.9	21588.2	4029.8	1661.7	828.5	434.2	4293.3	4.3	238.0	2832.8	436.1	14507.3	60013.6	6815.9	3293.3	4965.3	1753.6	4222.4	1729.0	574.0	4011.8	8.0	253.6	0.0	882.7	0.0	0.0	0.0	0.0	0.0	221.3	1197.4	519.0	886.9	1022.2	851.0	1166511.0	1157077.0	1156612.218549	255505.792318	254897.476326	510403.268644	221059.609886	218110.340019	439169.949905	56156.0	688004.268644	1013945.218549	1007730.218549	1006005.0	1542139.0	0.794702	1.050604	17.0	18.0	35.0	1467859.151147
sub-110_T1w	6869.4	328.5	16777.5	64347.1	7562.8	4312.2	6362.7	2216.3	1392.5	1991.2	22608.8	4753.9	1869.5	820.4	746.8	4660.8	50.2	413.4	7715.8	359.9	16725.8	68700.9	7880.2	4296.1	5995.1	1993.4	4699.8	1910.8	672.0	4695.8	37.8	520.2	0.0	1260.5	0.0	0.0	0.0	0.0	0.0	305.7	989.9	672.2	466.0	642.7	854.5	1322486.0	1302771.0	1303357.466272	297734.399757	297659.306017	595393.705774	238839.521719	236279.238779	475118.760498	65638.0	795592.705774	1155724.466272	1140119.466272	1135453.0	1788665.0	0.890868	1.204901	30.0	34.0	64.0	1484491.821023
sub-111_T1w	6161.3	231.7	14055.3	57921.4	6618.5	3595.9	4206.7	1958.1	816.6	1870.8	19023.2	3793.5	1404.2	956.1	617.2	3779.2	15.7	416.4	5584.6	334.4	13222.8	55676.1	6528.7	3673.0	4257.4	1561.0	4040.5	1594.0	653.2	3731.2	41.3	451.6	0.0	673.7	0.0	0.0	0.0	0.0	0.0	176.3	1002.1	467.9	635.5	500.3	1070.7	1048686.0	1032564.0	1032245.738932	220648.027805	222883.222899	443531.250704	197230.200294	197581.287934	394811.488228	53320.0	610939.250704	906619.738932	893958.738932	891858.0	1447029.0	0.757734	1.045559	26.0	23.0	49.0	1383976.377949
sub-112_T1w	7586.7	311.2	13619.2	61301.8	7927.5	3758.1	3416.1	1877.0	804.3	2581.1	18449.8	4061.4	1605.2	1109.3	500.2	3767.9	7.3	340.5	7497.1	324.5	13681.9	63206.0	7428.1	3546.1	3165.5	1777.4	4066.3	1618.3	606.9	3958.7	0.0	450.6	0.0	509.3	0.0	0.0	1.0	0.0	0.0	95.5	1105.1	630.5	517.8	565.9	972.6	1136130.0	1115651.0	1115489.470516	244378.18848	243512.128923	487890.317402	212677.909326	210954.243789	423632.153114	54097.0	665826.317402	983085.470516	967008.470516	965733.0	1579714.0	0.807341	1.122555	40.0	25.0	65.0	1407248.674373
sub-113_T1w	10281.8	645.5	20308.1	59341.4	7055.3	3162.6	5350.6	2206.7	1876.5	2028.3	22641.9	3645.7	1678.0	1242.8	505.0	4520.4	32.4	789.0	8753.7	425.7	18422.8	61263.9	7561.1	3211.1	5313.8	2082.6	4087.8	1671.2	494.5	4391.3	21.9	662.4	0.0	468.3	0.0	0.0	0.0	0.0	0.0	204.5	899.4	458.3	554.8	502.3	943.9	1224147.0	1197914.0	1197683.139023	253763.228605	255129.040831	508892.269436	235106.329621	235819.539966	470925.869587	58094.0	688707.269436	1061771.139023	1040599.139023	1038056.0	1661030.0	0.741833	1.006584	16.0	27.0	43.0	1650164.838429
sub-114_T1w	6621.9	302.5	16449.8	62308.6	7274.3	3763.4	4707.7	2199.6	1035.2	1551.0	21786.9	3856.6	1623.2	1050.2	545.0	4156.9	25.0	527.1	5956.0	326.2	15704.2	63647.0	7226.5	3861.6	4761.1	2163.2	4053.0	1692.0	578.1	4219.8	15.8	434.3	0.0	997.1	0.0	0.0	0.0	0.0	0.0	101.1	795.0	471.4	503.0	369.6	814.3	1199107.0	1182110.0	1182137.21394	261547.249352	257505.149093	519052.398445	224152.624411	221661.191084	445813.815495	57971.0	704856.398445	1040264.21394	1026715.21394	1022731.0	1622589.0	0.794645	1.075285	19.0	26.0	45.0	1508985.043433
sub-115_T1w	7415.2	307.0	12035.1	51091.8	7244.3	3777.0	4809.7	1850.3	887.2	2067.5	17226.8	3856.8	1759.6	981.2	765.7	3939.3	14.4	499.2	7212.7	232.4	11020.3	50444.9	6871.1	3719.6	4818.7	1740.2	4166.8	1815.6	733.5	3898.5	10.6	514.9	0.0	757.5	0.0	0.0	0.0	0.0	0.0	163.0	997.4	628.1	485.6	487.4	946.4	1101184.0	1081631.0	1080976.425973	235767.96241	236964.925668	472732.888078	213432.231456	213784.306439	427216.537895	56998.0	631520.888078	974606.425973	958828.425973	957487.0	1446129.0	0.779186	1.023265	19.0	17.0	36.0	1413250.02207
sub-116_T1w	6962.0	340.3	12521.7	54042.6	6821.3	2854.3	5021.0	1894.9	1038.2	1479.0	18271.2	4128.3	1557.0	1145.6	543.4	3737.7	41.6	623.6	5799.1	408.0	12667.0	54547.5	7039.4	3021.2	5080.1	1834.6	4441.3	1543.7	522.1	4025.7	48.1	556.1	0.0	652.5	0.0	0.0	0.0	0.0	0.0	124.2	990.2	659.5	599.3	599.9	872.1	1050757.0	1033088.0	1033034.134772	222082.935299	224350.927418	446433.862717	199787.565316	198016.706739	397804.272055	55484.0	610962.862717	915856.134772	901660.134772	899711.0	1449488.0	0.755581	1.042302	18.0	31.0	49.0	1390660.727667
sub-117_T1w	4448.6	280.9	13771.0	55259.1	6619.9	3440.7	3689.2	1857.3	1051.5	1613.6	18133.6	3788.2	1526.9	849.6	543.2	3751.7	22.2	468.3	4858.5	361.4	12457.5	55783.9	6097.7	3340.9	4543.3	1530.8	3926.2	1662.1	562.7	3709.2	27.8	394.7	0.0	1075.8	0.0	0.0	0.0	0.0	0.0	100.7	827.8	478.7	394.2	353.4	631.6	1053642.0	1040009.0	1040514.527856	231175.085784	231083.247827	462258.33361	194776.270347	194659.923899	389436.194246	51505.0	625914.33361	915640.527856	905362.527856	902632.0	1437716.0	0.763773	1.042184	48.0	59.0	107.0	1379521.879508
sub-118_T1w	5938.0	364.3	15816.8	58347.9	7416.4	3795.7	4314.2	2067.4	1056.8	1695.1	24932.2	4524.9	1610.9	683.4	538.3	4471.6	17.7	475.1	6427.8	529.9	16904.0	59843.2	7311.2	3824.2	4274.6	1953.1	4606.0	1641.5	523.4	4577.4	49.1	545.2	0.0	561.4	0.0	0.0	0.0	0.0	0.0	176.8	1077.9	693.5	557.1	788.0	880.6	1197880.0	1180884.0	1180974.980042	251329.722374	249799.865915	501129.588289	237480.401641	233268.990112	470749.391753	58704.0	678435.588289	1046457.980042	1032750.980042	1030418.0	1633073.0	0.793589	1.081902	28.0	28.0	56.0	1509446.112053
sub-119_T1w	2985.3	325.5	14770.3	55626.0	6596.0	2819.6	4170.1	1661.0	586.3	1207.0	17803.8	3801.8	1456.1	476.6	521.8	3382.8	24.1	355.7	3031.0	369.0	14469.3	55645.3	6518.3	2995.4	4498.1	1427.1	4080.9	1537.0	536.1	3486.4	13.7	434.0	0.0	623.2	0.0	0.0	0.0	0.0	0.0	110.0	865.0	559.5	556.6	551.5	776.8	1076974.0	1067793.0	1068055.593738	249665.519858	242940.596542	492606.1164	195065.062322	189294.415016	384359.477338	50904.0	655106.1164	936744.593738	929704.593738	927528.0	1459901.0	0.812314	1.101139	28.0	32.0	60.0	1325809.514041
sub-11_T1w	4877.8	468.2	15774.6	62658.5	7745.6	4149.2	5981.9	2167.6	800.8	1360.2	20751.4	4568.0	1889.8	1104.6	587.9	4647.5	40.5	467.0	5435.1	343.3	14534.8	61138.3	7645.9	4148.7	5811.6	2056.1	4707.5	2156.0	565.0	4373.3	57.7	514.4	0.0	1216.7	0.0	0.0	0.0	0.0	0.0	155.7	831.7	553.8	696.8	533.4	727.6	1265376.0	1251091.0	1251203.99313	270704.701459	268661.488509	539366.189968	246206.001651	246554.801511	492760.803162	64703.0	728790.189968	1110814.99313	1099512.99313	1096675.0	1662343.0	0.743582	0.976855	16.0	14.0	30.0	1701729.530821
sub-120_T1w	8797.6	583.5	15383.4	55153.6	8356.6	3570.2	5170.7	2168.7	1469.1	2128.3	23850.9	4371.2	1839.3	961.8	711.5	4781.3	6.8	585.2	8283.1	521.0	14869.8	55775.0	8324.3	3682.0	5235.2	2092.5	4829.7	1939.6	637.1	4798.8	21.7	589.3	0.0	935.4	0.0	0.0	0.0	0.0	0.0	187.0	954.2	622.5	561.5	648.0	942.8	1335178.0	1311964.0	1312223.64734	272411.400206	273447.865468	545859.265674	279909.433586	281549.94808	561459.381666	64144.0	721679.265674	1192237.64734	1173401.64734	1171080.0	1791682.0	0.777906	1.043875	37.0	35.0	72.0	1716375.29938
sub-121_T1w	3887.3	448.8	15128.8	55992.9	7523.2	3493.2	5978.6	1914.8	1003.6	1346.9	21224.3	3781.6	1478.9	1215.9	588.4	4210.5	16.0	305.3	3984.5	400.5	14523.0	56499.5	7392.8	3538.3	6004.1	1855.0	3924.4	1613.3	593.2	4180.3	13.7	410.1	0.0	1250.6	0.0	0.0	0.0	0.0	0.0	208.1	964.5	512.7	811.7	1047.3	968.7	1151405.0	1138891.0	1138670.919604	254587.191372	252574.191551	507161.382923	215182.216376	214559.320306	429741.536682	59055.0	679877.382923	1007858.919604	998853.919604	996034.0	1538732.0	0.794793	1.062157	28.0	21.0	49.0	1448685.827208
sub-122_T1w	7171.7	338.4	15322.7	58962.1	7950.3	4536.5	5596.4	2219.1	912.0	2228.4	22788.7	3754.0	1621.1	808.9	690.1	4262.1	15.2	458.7	6584.5	332.9	14984.0	59447.8	7871.6	4827.4	5706.3	2179.3	3907.4	1731.6	683.0	4335.6	22.6	551.4	0.0	523.2	0.0	0.0	0.0	0.0	0.0	132.0	1098.1	614.5	468.6	590.1	973.0	1205918.0	1187257.0	1187358.859344	257601.114199	255383.725934	512984.840132	232275.13687	229710.882341	461986.019211	63348.0	695880.840132	1055757.859344	1040943.859344	1038114.0	1655879.0	0.763771	1.048755	26.0	26.0	52.0	1578900.300589
sub-123_T1w	3604.4	320.0	13548.4	53878.6	7199.0	3290.8	4051.6	1994.8	726.8	2131.9	18560.5	4546.7	1783.4	781.8	616.7	4079.0	9.7	381.5	3950.3	467.3	13810.7	53894.4	7138.8	3541.2	4768.5	1686.3	4730.9	2135.3	606.3	3989.8	4.6	363.7	0.0	836.9	0.0	0.0	0.0	0.0	0.0	167.5	974.2	441.7	525.1	586.8	869.0	1123541.0	1111571.0	1111809.729969	239112.557089	241224.258763	480336.815852	220839.313955	217900.600163	438739.914117	57658.0	646604.815852	987359.729969	978836.729969	976378.0	1559190.0	0.754072	1.046461	30.0	26.0	56.0	1489965.017828
sub-124_T1w	7569.5	318.7	15987.9	60401.3	8054.7	3816.9	5461.2	2135.5	1041.4	2026.5	22451.1	4509.2	1954.1	935.6	622.5	4537.3	41.5	587.7	7590.2	423.7	14749.9	62036.0	7758.3	3954.1	5446.7	2025.6	4450.8	2071.3	549.1	4498.9	22.0	546.3	0.0	656.0	0.0	0.0	0.0	0.0	0.0	202.7	1101.2	740.6	684.6	917.7	1159.2	1275590.0	1255039.0	1255502.130794	268856.947835	270068.997755	538925.94559	251134.903501	249036.281704	500171.185205	63166.0	725482.94559	1121679.130794	1104975.130794	1101694.0	1677128.0	0.757231	0.995596	30.0	21.0	51.0	1684546.235162
sub-125_T1w	10180.7	502.2	16788.8	61204.3	7339.8	3440.6	5228.8	2290.0	1039.6	1877.0	21568.4	4317.1	1573.5	1069.4	686.2	4605.2	23.1	693.4	9258.2	521.0	17126.6	60660.0	7871.2	3499.9	5347.5	2086.6	4464.1	1800.8	640.0	4599.0	16.3	699.1	0.0	599.1	0.0	0.0	0.0	0.0	0.0	234.9	1033.5	572.7	418.7	448.2	859.4	1225690.0	1200329.0	1200196.436821	248434.324353	250614.618599	499048.942952	242214.497806	241803.996064	484018.493869	61202.0	683109.942952	1068096.436821	1046600.436821	1044290.0	1684815.0	0.754554	1.037198	22.0	28.0	50.0	1624390.136827
sub-126_T1w	5849.1	256.8	12262.0	47557.8	6982.6	3968.1	4928.6	1875.6	855.9	2103.1	17659.2	3612.3	1538.4	726.7	669.5	3662.8	46.9	346.8	3806.6	225.3	12633.5	51372.1	7199.5	4108.2	5001.2	1641.6	3842.1	1678.3	658.8	3604.6	15.2	309.7	0.0	503.9	0.0	0.0	0.0	0.0	0.0	103.6	802.3	522.6	488.3	613.7	810.1	1113962.0	1100126.0	1100553.122368	248318.775639	246913.943212	495232.718851	211654.399244	213140.004273	424794.403517	56249.0	651677.718851	989396.122368	979102.122368	975793.0	1549266.0	0.788099	1.096066	22.0	31.0	53.0	1413479.218166
sub-127_T1w	6213.2	286.1	14027.9	61516.7	8404.0	3814.7	5370.1	2058.6	1113.7	1541.1	20155.1	3575.7	1559.0	1098.4	613.7	4038.6	20.6	375.8	5407.6	280.2	13473.0	64388.6	8265.9	3951.3	5270.4	2125.9	4072.6	1787.7	590.1	4248.9	17.8	536.4	0.0	812.0	0.0	0.0	0.0	0.0	0.0	198.5	775.2	441.0	470.0	492.8	690.2	1197332.0	1181079.0	1181487.470396	271425.214841	271983.014916	543408.229757	210571.801476	211975.439163	422547.240639	61383.0	732179.229757	1043433.470396	1030807.470396	1026849.0	1611199.0	0.754043	1.014684	24.0	41.0	65.0	1587883.270556
sub-128_T1w	4986.3	541.3	13159.8	56062.7	7498.7	3717.9	4205.2	2026.9	862.3	1464.2	18835.1	3822.7	1602.9	1104.0	549.8	3848.4	12.0	422.8	7734.5	286.2	12277.6	58319.8	6942.9	3807.7	4841.3	1752.9	3981.5	1586.1	535.9	3921.5	35.5	684.8	0.0	629.9	0.0	0.0	0.0	0.0	0.0	130.4	861.1	507.0	362.6	429.3	892.5	1105491.0	1088012.0	1088496.586351	244458.048515	245855.549441	490313.597956	202978.071816	200063.91658	403041.988395	56114.0	660841.597956	965743.586351	951512.586351	948913.0	1478279.0	0.77966	1.042573	45.0	44.0	89.0	1417913.928254
sub-129_T1w	6583.4	298.0	15077.7	64110.6	7994.8	3249.0	4546.2	2098.5	1078.1	2225.8	20316.9	3839.3	1496.9	1085.7	480.2	4090.2	14.0	459.5	4453.7	240.4	13772.5	63138.8	8019.4	3307.9	3805.4	2361.1	4096.6	1561.9	543.7	4128.5	6.7	417.2	0.0	852.0	0.0	0.0	0.0	0.0	0.0	117.8	935.1	565.7	565.5	873.6	937.2	1178018.0	1161799.0	1161976.848838	259156.217397	256071.855185	515228.072582	218336.566825	214900.209431	433236.776256	56719.0	700618.072582	1020871.848838	1008855.848838	1004921.0	1546605.0	0.80925	1.062454	87.0	65.0	152.0	1455690.642016
sub-130_T1w	13035.4	616.1	15864.7	60796.7	7850.1	4049.9	5982.8	2396.8	2200.6	2737.6	23091.4	4243.4	1859.0	1644.4	523.6	4751.7	43.3	997.1	12034.5	453.0	15358.1	60722.5	8232.8	4193.7	5926.4	2246.4	4474.3	2144.4	488.0	4627.0	27.5	767.2	0.0	713.0	0.0	0.0	0.0	0.0	0.0	234.7	983.2	545.0	474.7	523.5	1125.8	1323648.0	1289544.0	1289486.033038	264573.654724	265834.768561	530408.423285	270774.320461	269846.289292	540620.609753	65305.0	719028.423285	1167032.033038	1139403.033038	1136247.0	1748220.0	0.763914	1.008947	19.0	26.0	45.0	1732718.177745
sub-131_T1w	4548.1	534.1	14369.5	63460.0	7509.9	3234.7	5370.3	1915.1	1025.4	2434.3	22267.3	3785.4	1591.3	884.4	596.5	4279.9	60.3	451.3	3106.0	476.0	13069.7	64630.2	7468.6	3013.4	5323.1	1744.9	4078.7	1775.9	582.6	4321.3	18.2	361.7	0.0	654.7	0.0	0.0	0.0	0.0	0.0	160.8	887.7	496.7	636.8	756.5	795.8	1167223.0	1154053.0	1154678.995151	256180.58909	257492.011364	513672.600454	213428.679202	214742.715496	428171.394697	57863.0	699990.600454	1010646.995151	1001730.995151	999006.0	1590417.0	0.774089	1.054746	31.0	45.0	76.0	1507866.854803
sub-132_T1w	5820.4	470.9	14824.8	56369.3	7922.5	4071.2	5276.1	2191.8	1205.0	1649.6	21531.0	4070.5	1713.8	740.6	610.7	4542.9	36.3	386.5	5829.8	605.1	13479.9	59118.2	7622.8	4208.0	5257.5	1917.0	4131.4	1782.5	630.4	4589.3	16.8	410.8	0.0	402.4	0.0	0.0	0.0	0.0	0.0	172.4	873.5	499.3	409.6	375.5	836.9	1138902.0	1122352.0	1122454.670932	250318.964141	255227.598801	505546.562942	204798.579512	206368.528478	411167.10799	62087.0	684133.562942	994348.670932	981260.670932	978608.0	1563803.0	0.766005	1.051785	34.0	34.0	68.0	1486808.389252
sub-133_T1w	9144.0	270.8	16492.0	64806.5	8066.8	3987.5	5941.1	2143.5	1063.9	2106.3	23029.5	4416.6	1689.5	1059.1	673.0	4566.6	56.2	694.5	6636.4	246.5	14632.6	65770.4	8035.4	3838.8	5926.9	2052.8	4522.1	1810.2	675.8	4514.6	25.5	704.6	0.0	689.8	0.0	0.0	0.0	0.0	0.0	153.3	1020.9	577.9	545.5	643.9	881.5	1293759.0	1272307.0	1272632.449156	281428.824201	275753.355326	557182.179527	248537.273863	241313.995766	489851.269628	63940.0	752622.179527	1130941.449156	1113560.449156	1110585.0	1705360.0	0.78161	1.030274	31.0	37.0	68.0	1655249.161679
sub-134_T1w	7761.2	325.8	13694.9	54271.5	6919.5	3668.1	4089.9	2070.6	813.0	1562.4	19548.9	3890.7	1705.3	997.5	592.2	3969.6	33.8	439.5	5859.7	202.1	13119.8	53251.2	6857.0	3680.1	4775.2	1652.8	3983.7	1775.6	565.6	3875.9	57.7	435.2	0.0	713.3	0.0	0.0	0.0	0.0	0.0	133.4	797.9	412.9	342.0	417.1	734.0	1130073.0	1112347.0	1112308.374907	252483.248863	253110.558122	505593.806985	208435.521922	208612.046	417047.567923	55359.0	669122.806985	994754.374907	980300.374907	977992.0	1537329.0	0.792686	1.078354	24.0	25.0	49.0	1425625.084638
sub-135_T1w	3954.7	521.1	14236.2	54366.9	6811.3	3558.6	5252.8	1921.6	724.9	1621.7	20054.0	3654.8	1828.2	842.9	613.5	3992.8	13.6	302.1	3768.2	196.2	13211.8	56133.1	6935.0	3744.8	5522.8	1860.8	3984.8	1860.5	667.9	4044.4	18.5	213.7	0.0	995.9	0.0	0.0	0.0	0.0	0.0	196.3	955.3	636.3	665.8	770.7	984.7	1226400.0	1215097.0	1215509.499397	271029.25677	268587.606798	539616.863568	241575.309891	238553.325938	480128.635829	57807.0	708884.863568	1088712.499397	1080354.499397	1077022.0	1611679.0	0.796974	1.047347	42.0	25.0	67.0	1538819.858118
sub-136_T1w	2663.1	262.9	15142.9	51892.8	7364.0	2942.9	4594.3	1744.8	641.5	1102.4	20210.2	3914.4	1719.7	608.4	471.5	4024.3	22.8	282.3	2425.0	272.6	14621.6	53291.2	6592.9	3122.0	4721.1	1779.1	4009.6	1721.6	562.1	4364.9	14.1	273.6	0.0	1541.6	0.0	0.0	0.0	0.0	0.0	113.5	882.6	457.3	753.5	638.6	706.7	1107257.0	1099418.0	1099862.859572	248776.318048	249438.648517	498214.966565	205771.494671	205868.398336	411639.893007	54893.0	659120.966565	972766.859572	967127.859572	964223.0	1476072.0	0.789102	1.051944	29.0	44.0	73.0	1403185.563434
sub-137_T1w	4144.2	195.9	15672.7	62824.3	8458.4	3406.2	4486.1	1973.6	887.5	1441.8	19783.6	4217.4	1592.9	935.5	568.7	3941.3	12.6	314.5	4643.6	184.2	15582.4	62545.6	7575.0	3620.7	4785.9	1838.0	4287.1	1891.6	552.0	3999.2	42.8	343.0	0.0	679.6	0.0	0.0	0.0	0.0	0.0	173.6	992.3	474.9	512.0	569.7	868.1	1165927.0	1153554.0	1153535.041116	258049.253808	258336.704569	516385.958377	211042.751882	210872.330857	421915.082739	58556.0	700968.958377	1008911.041116	999693.041116	996778.0	1555534.0	0.768169	1.02486	16.0	21.0	37.0	1517800.842741
sub-138_T1w	5692.9	328.6	13258.7	47762.5	6869.1	4193.1	4816.6	1921.2	960.2	1497.0	17687.5	3948.2	1689.0	1025.0	609.1	3750.8	22.5	332.8	7370.6	246.5	12485.2	50471.3	6481.1	4316.2	4957.2	2038.4	4346.0	1685.9	680.1	3583.4	41.4	588.3	0.0	757.5	0.0	0.0	0.0	0.0	0.0	151.8	1014.6	625.0	621.1	487.3	984.3	1113798.0	1096421.0	1096615.095391	236804.861866	237756.161336	474561.023202	220366.413435	220091.658754	440458.072189	57266.0	631139.023202	988613.095391	974573.095391	972007.0	1541709.0	0.793439	1.098271	30.0	26.0	56.0	1403759.902505
sub-139_T1w	3528.5	297.5	14369.1	57897.9	7346.0	3584.4	5527.9	2042.3	794.8	1379.6	19353.2	4432.5	1725.2	893.7	581.9	4151.7	46.5	369.9	3358.3	367.9	13614.6	57195.6	7414.9	3477.3	5453.1	1760.9	4664.5	1847.9	689.9	4051.4	17.4	414.4	0.0	958.7	0.0	0.0	0.0	0.0	0.0	119.4	1063.2	578.0	727.6	761.5	835.5	1223647.0	1213003.0	1213234.887091	269267.846878	276042.325538	545310.172416	231896.866214	232365.848461	464262.714675	60046.0	721690.172416	1080751.887091	1073043.887091	1069326.0	1652224.0	0.772509	1.043077	40.0	22.0	62.0	1583990.408806
sub-13_T1w	3533.3	412.0	12880.7	55762.9	7769.3	3717.4	5800.2	2218.6	796.6	1576.3	18867.0	4425.5	1650.7	667.8	557.1	4301.7	36.4	346.8	3400.8	294.5	12267.0	53887.1	7538.7	3856.8	5737.2	1927.6	4268.1	1690.3	593.8	4066.1	26.1	253.5	0.0	833.0	0.0	0.0	0.0	0.0	0.0	160.7	892.9	531.2	687.1	606.2	736.0	1082622.0	1071905.0	1071898.103416	238269.240366	234004.516216	472273.756582	202467.705319	200989.641514	403457.346834	61226.0	644018.756582	947148.103416	939353.103416	936885.0	1448832.0	0.763748	1.022095	18.0	14.0	32.0	1417512.115888
sub-140_T1w	6259.3	274.5	17525.3	57601.3	7412.7	3768.5	5018.9	2349.2	1061.3	1530.1	21750.1	4091.3	1613.8	1140.4	663.8	4200.7	33.2	446.4	4611.9	354.7	16556.1	56136.1	8707.3	3722.0	5127.0	1882.7	4114.5	1539.6	612.2	4238.1	85.0	450.8	0.0	825.3	0.0	0.0	0.0	0.0	0.0	145.4	829.8	363.4	425.9	355.9	777.3	1123381.0	1107778.0	1107963.043301	241427.370307	239574.816495	481002.186802	210677.704209	207936.15229	418613.856498	60168.0	656332.186802	974363.043301	962377.043301	959592.0	1534866.0	0.733615	1.002332	12.0	21.0	33.0	1531295.289448
sub-141_T1w	7492.7	563.7	13618.1	52276.7	7896.1	4294.1	5447.9	2095.2	1235.9	1456.9	22712.9	4497.4	1876.0	923.7	707.3	4904.8	97.5	528.8	6440.6	361.0	14111.2	53196.5	7907.0	4414.0	5353.8	1999.7	4544.1	1871.1	701.5	4779.7	34.4	540.5	0.0	836.3	0.0	0.0	0.0	0.0	0.0	235.7	909.6	505.9	421.5	370.4	954.0	1190348.0	1171550.0	1171417.390798	256034.089832	260481.059806	516515.149639	227762.133708	228644.107452	456406.24116	64822.0	688027.149639	1055800.390798	1040465.390798	1037842.0	1645463.0	0.748553	1.034753	27.0	21.0	48.0	1590199.279866
sub-142_T1w	4567.0	206.3	15554.8	51532.5	7743.7	4322.6	5752.6	1951.9	920.5	1769.1	20853.0	4281.7	1927.9	815.4	637.4	4257.5	30.6	364.2	4503.1	365.2	14816.4	53039.1	7473.4	4328.1	5870.6	1843.8	4259.9	1910.3	661.0	4276.9	24.1	400.2	0.0	956.3	0.0	0.0	0.0	0.0	0.0	193.3	941.1	543.8	461.2	438.4	885.0	1134378.0	1121080.0	1121144.868492	239721.067147	236137.201679	475858.268826	225571.100859	221176.498806	446747.599665	62830.0	645039.268826	998597.868492	988632.868492	985253.0	1513742.0	0.780521	1.041546	35.0	39.0	74.0	1453360.468156
sub-143_T1w	3399.7	455.7	13769.4	53341.5	6713.9	3149.4	5005.9	1733.2	711.0	1239.6	19789.5	3548.6	1514.8	767.1	512.9	3922.9	25.9	204.1	2686.8	347.2	12868.5	52942.9	6652.3	3305.1	4919.6	1620.6	3778.6	1574.5	558.9	3939.9	11.5	350.2	0.0	726.5	0.0	0.0	0.0	0.0	0.0	144.1	884.8	480.7	493.9	389.9	774.0	1016927.0	1007243.0	1007317.60259	234675.688235	232851.236901	467526.925136	177938.522308	175332.155147	353270.677454	53774.0	628286.925136	883634.60259	876566.60259	874427.0	1381797.0	0.765009	1.039491	22.0	41.0	63.0	1329301.011733
sub-144_T1w	9088.8	436.1	13777.3	53891.9	6903.6	3377.3	5171.6	2012.7	1009.8	1326.2	19109.9	3730.8	1446.0	814.8	632.1	3872.6	53.8	481.7	6424.8	350.0	12754.4	53714.0	7167.9	3692.5	5195.7	1880.4	3809.4	1264.4	510.2	3950.9	39.6	514.8	0.0	877.7	0.0	0.0	0.0	0.0	0.0	143.8	977.4	480.1	429.2	443.3	865.9	1159032.0	1139127.0	1138961.231425	244472.058521	246522.615048	490994.673569	229264.976876	228838.58098	458103.557856	55968.0	654634.673569	1023942.231425	1007073.231425	1005183.0	1510135.0	0.788384	1.027208	15.0	26.0	41.0	1470135.830215
sub-145_T1w	4540.7	447.4	11139.4	44813.0	6039.3	2853.7	4540.2	1788.9	941.8	1884.7	17814.3	3747.7	1337.6	781.3	458.7	3465.4	47.8	393.1	3472.3	874.8	10646.0	43974.4	6888.9	2826.7	4421.0	1623.0	3821.5	1468.5	551.8	3479.6	26.2	436.1	0.0	603.8	0.0	0.0	0.0	0.0	0.0	117.0	864.4	439.9	470.6	412.1	723.6	987832.0	974641.0	974880.929733	218434.451097	217419.769736	435854.220834	189911.149574	187680.559326	377591.708899	50341.0	576453.220834	876314.929733	866613.929733	863515.0	1341962.0	0.769105	1.044824	16.0	18.0	34.0	1284391.004998
sub-146_T1w	5559.8	137.8	16476.0	56975.2	8021.4	4038.3	5180.9	1805.1	929.0	2010.3	21141.8	4510.1	1669.9	862.1	552.0	4633.9	5.3	208.1	6319.9	307.2	15873.0	57080.4	7339.7	4130.6	5677.4	1885.9	4431.7	1745.8	650.8	4375.8	83.7	375.1	0.0	489.0	0.0	0.0	0.0	0.0	0.0	128.6	1028.8	505.1	525.4	589.3	956.6	1271664.0	1255852.0	1255855.496764	266306.309635	269610.075075	535916.38471	255367.740291	256287.371763	511655.112054	61717.0	713000.38471	1123677.496764	1111479.496764	1109260.0	1725644.0	0.767076	1.040919	16.0	11.0	27.0	1657808.051614
sub-14_T1w	5534.8	239.8	20446.2	68814.0	8059.6	3513.4	5539.5	2217.1	817.8	1658.8	23765.5	3963.8	1689.2	915.7	534.5	4314.7	20.2	289.7	3958.0	264.9	18356.5	70240.6	7450.5	3723.3	5421.1	2012.0	3995.1	1688.7	543.4	4309.8	12.9	424.9	0.0	601.0	0.0	0.0	0.0	0.0	0.0	180.7	913.7	596.8	726.6	505.8	1006.2	1198174.0	1185018.0	1184904.985061	245527.856847	239800.413141	485328.269988	231856.21229	229507.502784	461363.715073	60403.0	686071.269988	1019612.985061	1009635.985061	1007067.0	1627877.0	0.812764	1.104247	19.0	25.0	44.0	1474196.002583
sub-15_T1w	8819.1	307.5	15980.0	62443.7	7327.0	3436.1	4201.6	1640.4	990.6	1945.7	21431.3	3637.1	1407.4	1225.9	515.8	3756.6	20.8	513.4	7650.8	494.8	15056.1	64002.9	6916.4	3434.8	4252.0	1602.1	3856.8	1610.1	594.9	3789.9	16.4	460.3	0.0	580.6	0.0	0.0	0.0	0.0	0.0	75.7	946.3	462.3	412.9	462.7	844.6	1138788.0	1117044.0	1117178.07243	249599.735432	247398.919428	496998.65486	205856.284351	203027.13322	408883.417571	53374.0	678062.65486	979750.07243	962011.07243	959091.0	1521124.0	0.789916	1.055123	37.0	31.0	68.0	1441656.27393
sub-16_T1w	9399.9	491.5	19254.3	72706.3	7867.9	4472.7	5394.9	2400.2	1184.5	3613.4	24596.7	4052.3	1933.2	1077.7	621.9	4924.7	58.6	719.7	9926.9	390.1	16723.9	73090.0	7600.9	4590.5	5537.1	2141.0	4439.4	2044.9	586.8	4854.6	34.2	653.5	0.0	1104.9	0.0	0.0	0.0	0.0	0.0	219.7	1202.8	778.7	606.0	666.1	1141.9	1339461.0	1312838.0	1312856.911036	270598.413879	272965.829727	543564.243606	261698.103162	261987.564269	523685.667431	64641.0	754148.243606	1155005.911036	1133992.911036	1131789.0	1729696.0	0.78378	1.012125	17.0	23.0	40.0	1708974.659648
sub-17_T1w	6264.3	610.4	18609.7	63614.8	8893.2	3890.1	6032.7	2250.6	1115.7	1329.1	24952.8	4530.5	2038.7	1027.8	492.8	4859.3	30.9	511.9	5764.5	260.9	15817.0	66458.6	8201.7	3966.6	6234.0	2087.2	4932.4	2378.1	561.4	4530.0	25.7	726.7	0.0	1215.8	0.0	0.0	0.0	0.0	0.0	182.0	760.9	455.2	564.2	651.6	791.3	1340294.0	1323490.0	1322992.418907	298442.072999	295810.183045	594252.256044	247776.20476	247981.958103	495758.162863	67585.0	793528.256044	1174617.418907	1161103.418907	1158012.0	1798282.0	0.759447	1.018956	45.0	37.0	82.0	1764828.35273
sub-18_T1w	9251.6	280.3	16674.8	68554.2	7439.2	3788.9	5209.4	1941.0	1310.3	1970.8	21587.6	4334.9	1703.1	1245.1	503.2	4411.5	37.5	814.1	8375.0	525.0	15615.4	67487.8	7047.4	3609.2	5136.0	1721.1	4508.0	1740.3	416.4	3925.9	22.0	915.3	0.0	1163.1	0.0	0.0	0.0	0.0	0.0	253.1	974.7	500.7	427.7	522.6	991.4	1213801.0	1190064.0	1189757.132766	253870.833692	248795.978622	502666.812314	231897.509061	228123.811391	460021.320452	59435.0	698307.812314	1043591.132766	1024138.132766	1022230.0	1654727.0	0.749054	1.021155	26.0	32.0	58.0	1620445.784677
sub-19_T1w	10379.3	452.7	15800.8	55267.7	6860.5	3513.7	4673.9	2245.0	989.4	1347.9	18485.6	3713.9	1441.4	1020.1	463.0	4306.8	167.2	539.1	6292.1	614.2	13611.6	55636.2	6405.6	3541.3	4602.9	2257.3	4051.9	1693.1	529.1	3810.3	26.1	727.4	0.0	1576.9	0.0	0.0	0.0	0.0	0.0	164.2	729.6	369.9	352.7	393.6	915.6	1111270.0	1089338.0	1089461.506395	234113.813692	233715.373234	467829.186925	211783.139884	213390.179585	425173.319469	55740.0	635767.186925	970525.506395	951751.506395	948698.0	1520366.0	0.818043	1.119193	46.0	50.0	96.0	1358448.600449
sub-20_T1w	4738.7	275.5	18432.8	64742.4	9022.9	3684.7	6110.1	2417.7	1005.9	1520.0	23280.6	4158.3	1721.2	897.9	705.0	5140.1	42.5	435.5	5584.2	261.4	17508.5	67316.0	8551.3	4058.9	6271.4	2104.5	4058.8	1934.7	768.9	4781.4	31.7	529.8	0.0	1464.9	0.0	0.0	0.0	0.0	0.0	225.2	980.8	553.7	675.1	760.4	904.4	1331785.0	1317476.0	1317384.262282	281600.905192	278492.215958	560093.121149	258189.900895	260489.240238	518679.141133	67256.0	763226.121149	1163038.262282	1151911.262282	1145975.0	1863857.0	0.777229	1.087745	160.0	103.0	263.0	1713504.990706
sub-21_T1w	23160.4	462.1	13249.0	55446.6	8279.0	4242.7	5871.8	2051.5	1057.4	2222.4	18819.9	4228.4	1761.6	901.3	468.1	4081.7	113.0	939.6	20655.7	714.3	12847.3	55689.0	7248.6	4282.7	5903.0	2182.2	4309.8	1814.2	604.2	3982.7	20.3	1011.5	0.0	1759.1	0.0	0.0	0.0	0.0	0.0	116.1	1116.0	445.9	442.6	468.0	1065.2	1235344.0	1184536.0	1184400.834137	262217.288419	265287.801957	527505.090376	230818.47113	225114.27263	455932.743761	62824.0	702820.090376	1096690.834137	1049946.834137	1046416.0	1609370.0	0.757998	0.987498	68.0	57.0	125.0	1629745.766888
sub-22_T1w	4253.1	255.9	17442.1	62101.7	7881.9	3663.0	5822.9	2179.0	1228.6	1431.1	21684.2	4040.2	1514.7	1048.0	464.8	4456.1	29.4	347.1	3191.3	138.7	15347.5	61017.5	7832.4	3519.6	5409.1	2095.0	4035.7	1661.7	556.0	4107.8	25.6	390.0	0.0	1232.9	0.0	0.0	0.0	0.0	0.0	107.1	535.0	280.5	511.9	482.6	750.1	1159727.0	1148092.0	1148378.375234	256871.732726	256350.265723	513221.998449	209991.471321	208477.905465	418469.376785	60503.0	697716.998449	1002604.375234	994491.375234	991874.0	1593616.0	0.795632	1.093302	25.0	31.0	56.0	1457617.735029
sub-24_T1w	7950.4	458.5	17725.5	65841.8	7751.6	4247.5	5298.6	1985.0	1501.4	1737.0	21765.0	4541.4	1728.9	1171.5	563.4	4680.2	20.8	482.6	5511.3	400.9	15317.7	65142.7	7727.0	4186.2	5372.2	1940.5	4677.8	1857.7	577.3	4375.5	10.9	393.3	0.0	1146.7	0.0	0.0	0.0	0.0	0.0	171.6	1025.6	646.3	841.5	1028.9	1037.9	1318258.0	1299465.0	1299245.944128	277739.051074	280829.702958	558568.754032	258309.549186	255957.64091	514267.190095	62781.0	752934.754032	1152364.944128	1137751.944128	1135760.0	1723061.0	0.782627	1.022952	19.0	36.0	55.0	1684400.732851
sub-25_T1w	13844.2	570.2	16352.4	59628.8	8477.2	4088.1	5479.7	2353.2	1361.7	2462.6	22519.9	4165.4	1591.7	1123.7	557.7	4595.0	65.3	446.2	8632.2	439.4	16313.5	61218.1	8461.2	4080.9	5355.4	2122.6	4538.5	1752.8	562.9	4493.4	29.5	527.3	0.0	868.2	0.0	0.0	0.0	0.0	0.0	188.2	1097.2	570.8	478.1	465.0	995.7	1279881.0	1251011.0	1251259.467426	268162.879042	272328.284259	540491.163301	247556.626784	245117.677341	492674.304125	63981.0	726683.163301	1124063.467426	1099985.467426	1096852.0	1751199.0	0.772763	1.057334	42.0	46.0	88.0	1656240.278213
sub-26_T1w	8544.7	318.1	15127.2	57763.0	7036.8	4293.6	4768.7	2150.0	793.0	2168.3	20375.5	4302.9	1808.6	990.5	446.3	4096.1	86.9	387.4	8264.0	492.5	14405.6	58000.0	6516.2	4311.4	4882.8	1873.3	4209.5	1965.7	507.4	4080.5	34.6	443.3	0.0	605.1	0.0	0.0	0.0	0.0	0.0	119.8	1089.1	484.1	453.7	485.5	972.3	1147155.0	1125552.0	1125428.323449	242592.711697	244314.780725	486907.492422	218356.304548	216169.526478	434525.831027	58689.0	662081.492422	1000093.323449	982234.323449	980248.0	1552316.0	0.76209	1.03125	15.0	19.0	34.0	1505275.412362
sub-28_T1w	11886.3	449.0	15375.4	61308.8	7737.2	3675.9	5464.8	2107.7	1976.0	2117.0	22926.5	4009.3	1766.7	866.2	584.4	4900.0	54.4	388.3	9913.1	514.4	13694.4	60385.8	7739.8	3843.1	5363.8	1830.4	4136.5	1842.4	502.6	4854.9	27.6	507.1	0.0	817.6	0.0	0.0	0.0	0.0	0.0	198.2	761.2	542.6	507.4	582.1	767.6	1274036.0	1245804.0	1245807.195787	276572.718041	277011.425485	553584.143526	240673.32188	238214.730382	478888.052261	61646.0	738676.143526	1120705.195787	1097359.195787	1094035.0	1795745.0	0.89002	1.254478	27.0	31.0	58.0	1431468.358013
sub-29_T1w	3910.1	455.8	16726.3	64195.8	8057.7	3450.2	5251.6	2231.9	890.5	1770.6	20092.3	4133.0	1784.0	944.3	489.4	4579.6	67.9	390.6	3425.2	268.4	15278.2	64426.1	7712.5	3504.7	5279.5	1986.5	4353.7	1808.0	473.8	4339.3	15.5	389.7	0.0	828.1	0.0	0.0	0.0	0.0	0.0	114.6	699.0	385.9	635.1	614.5	890.0	1167608.0	1155880.0	1156085.891531	247638.357286	245172.26483	492810.622116	220910.357814	221099.9116	442010.269415	61013.0	682802.622116	1006467.891531	998164.891531	995593.0	1542114.0	0.789538	1.042779	32.0	34.0	66.0	1478850.020524
sub-30_T1w	6598.9	497.3	14850.5	54697.4	7185.5	3334.4	4593.9	2037.3	750.5	1919.9	18847.8	4306.1	1658.1	805.7	497.0	4115.3	48.8	608.2	5752.0	394.5	13084.8	54439.8	7095.9	3354.3	4870.7	1837.4	4525.8	1791.1	582.8	3980.3	122.5	462.9	0.0	628.9	0.0	0.0	0.0	0.0	0.0	44.5	841.1	534.5	426.7	431.1	854.2	1140421.0	1123479.0	1123179.76409	253956.342193	253325.153519	507281.495712	211617.635984	209291.632394	420909.268378	57447.0	675309.495712	1002237.76409	988490.76409	986030.0	1549995.0	0.762955	1.036964	27.0	15.0	42.0	1494742.672651
sub-31_T1w	7186.6	352.0	17043.0	63466.0	9568.3	4253.5	6354.6	2345.1	928.9	1656.8	23004.4	4899.7	2387.5	976.7	682.6	5038.6	54.4	463.4	7441.5	346.1	16646.7	61060.8	9020.8	4226.8	6101.0	2079.3	4968.9	2486.3	699.3	4837.1	38.2	615.5	0.0	1210.1	0.0	0.0	0.0	0.0	0.0	262.8	1163.3	734.3	534.5	630.7	1086.2	1422611.0	1403452.0	1402858.828421	305837.099918	299123.803689	604960.903607	286452.289067	280533.635747	566985.924814	71427.0	802717.903607	1262937.828421	1247112.828421	1243892.0	1848112.0	0.88382	1.14817	26.0	28.0	54.0	1609615.595388
sub-32_T1w	3993.9	229.7	21158.9	73417.3	8328.5	3885.2	5611.7	2032.9	1131.7	2461.6	26035.5	4469.0	2000.7	889.1	548.3	5039.7	44.1	299.1	5850.2	240.3	18939.8	74674.1	8134.0	3922.0	5771.1	2039.1	4679.6	1970.0	535.0	4861.6	21.3	399.4	0.0	1211.0	0.0	0.0	0.0	0.0	0.0	218.9	898.7	576.7	692.2	668.1	797.6	1408976.0	1394174.0	1394652.777942	299219.784589	298255.999811	597475.7844	274189.136026	269402.857517	543591.993543	64940.0	811479.7844	1219459.777942	1209028.777942	1205420.0	1908749.0	0.80293	1.087735	31.0	28.0	59.0	1754792.806705
sub-33_T1w	8424.1	421.0	15477.4	56266.3	7495.0	3627.2	5814.2	2006.8	1402.8	2009.1	19776.3	4462.9	1564.0	1013.8	596.1	4587.6	28.8	983.6	7216.5	488.1	14620.6	55814.4	7353.7	3713.4	5678.4	1820.9	4441.3	1768.8	578.2	4315.7	28.2	788.7	0.0	522.1	0.0	0.0	0.0	0.0	0.0	110.3	959.6	563.4	466.1	483.0	774.2	1178093.0	1156015.0	1156170.147139	260622.303171	259982.804495	520605.107666	215563.092317	216114.947156	431678.039473	61237.0	694871.107666	1034240.147139	1016410.147139	1013305.0	1587102.0	0.755348	1.017589	23.0	31.0	54.0	1559668.63433
sub-34_T1w	10042.2	317.9	17078.3	56296.2	8408.8	3747.2	5210.3	2514.2	1132.3	2351.3	22513.3	4111.7	1819.8	1228.8	532.7	4631.1	22.3	637.5	10418.0	398.1	16178.5	58470.7	8029.0	3754.0	5167.1	2543.5	4295.3	1733.1	495.7	4487.8	25.2	869.3	0.0	652.3	0.0	0.0	0.0	0.0	0.0	117.4	1015.2	580.9	479.3	498.5	1080.1	1118055.0	1091321.0	1091356.568589	218155.424357	223512.850749	441668.275105	219156.7917	220096.501784	439253.293484	62957.0	620078.275105	967852.568589	945544.568589	943777.0	1525820.0	0.766422	1.045943	21.0	19.0	40.0	1458798.292998
sub-38_T1w	5312.1	343.5	13738.8	51578.1	7218.7	4030.4	4854.0	1734.0	968.2	1435.6	18361.0	3690.4	1746.2	851.1	502.2	3802.3	34.6	516.7	3977.4	375.8	12258.0	50715.1	7340.0	4071.6	5071.5	1716.0	4214.6	1829.2	623.1	3853.9	23.6	503.0	0.0	868.2	0.0	0.0	0.0	0.0	0.0	105.6	841.1	491.3	603.1	596.3	775.4	1137145.0	1123536.0	1123715.891604	253009.142243	254874.925621	507884.067863	215408.841077	214134.982665	429543.823741	57687.0	669048.067863	1008172.891604	997674.891604	994896.0	1510718.0	0.777937	1.033503	26.0	16.0	42.0	1461745.192338
sub-39_T1w	6723.6	347.9	14482.0	54399.2	6441.2	3506.5	4789.8	1968.8	713.6	1654.5	19882.1	4259.0	1546.8	808.6	483.2	3861.4	64.1	576.1	5452.0	481.0	13756.8	55422.9	6687.8	3554.3	4634.7	1736.6	4253.6	1533.9	472.8	3954.5	17.1	501.4	0.0	641.7	0.0	0.0	0.0	0.0	0.0	170.8	1023.2	643.2	655.5	626.6	1117.5	1069036.0	1052245.0	1052109.80964	229429.80913	227870.224486	457300.033617	202225.82647	199725.949553	401951.776023	54980.0	622589.033617	930446.80964	916689.80964	914265.0	1421094.0	0.779702	1.036475	21.0	20.0	41.0	1371083.151273
sub-40_T1w	13131.7	582.3	15632.6	61273.2	8208.9	3638.6	5837.9	2151.5	1990.5	1989.9	22169.8	4386.4	2057.7	1558.6	612.9	4712.3	41.8	603.2	18503.6	483.2	14719.5	61782.1	8304.9	3440.1	6026.4	1996.5	3979.2	1952.9	537.4	4365.4	80.6	611.0	0.0	985.9	0.0	0.0	0.0	0.0	0.0	161.9	1090.8	400.7	419.7	411.2	921.7	1300468.0	1261499.0	1260889.561603	270710.625941	269986.50163	540697.127571	251282.716763	251858.717269	503141.434032	63477.0	728207.127571	1143548.561603	1110000.561603	1107875.0	1791283.0	0.732843	1.009429	24.0	19.0	43.0	1774551.454002
sub-41_T1w	4536.0	269.7	16082.6	67699.0	8594.2	3231.7	5946.7	2012.5	960.0	2073.9	21340.4	3858.4	1691.1	1044.7	692.3	4744.1	25.7	519.0	5562.2	384.1	14301.7	67139.3	8319.0	3396.1	5678.5	1872.2	3821.2	1926.4	647.2	4505.3	27.9	573.3	0.0	885.7	0.0	0.0	0.0	0.0	0.0	161.4	1392.0	623.7	813.5	815.3	1071.8	1294199.0	1279062.0	1278817.255294	271297.125674	269329.976907	540627.102581	256299.066816	254922.085897	511221.152713	62319.0	737701.102581	1127462.255294	1116167.255294	1114314.0	1718540.0	0.768815	1.020894	29.0	37.0	66.0	1683368.180686
sub-42_T1w	6976.0	97.1	14343.6	53926.3	6737.7	2932.5	5575.2	2053.8	749.9	1266.6	19256.8	3530.7	1585.2	850.8	459.2	3729.8	36.2	430.3	3304.2	294.8	14069.6	53422.8	6921.2	2777.4	5577.6	1722.7	3851.1	1638.5	573.4	3672.5	41.4	298.3	0.0	838.5	0.0	0.0	0.0	0.0	0.0	110.0	819.1	510.9	612.2	445.8	706.7	1117620.0	1104171.0	1104236.78541	246134.592997	249830.264122	495964.857119	208280.987886	209505.940405	417786.928291	54911.0	658931.857119	981612.78541	970809.78541	968562.0	1484433.0	0.815876	1.083654	42.0	28.0	70.0	1369839.845124
sub-43_T1w	7181.6	681.7	14131.3	58707.5	9113.7	4089.5	6310.5	2673.5	901.6	1687.2	23674.0	4695.1	1907.9	1172.1	608.6	5318.4	40.3	572.3	6364.3	861.0	14309.2	59678.9	8585.7	4146.4	6062.0	2307.8	4610.2	2084.9	683.9	4915.1	13.1	576.5	0.0	1099.0	0.0	0.0	0.0	0.0	0.0	229.5	1175.0	788.2	717.5	1009.3	1046.3	1317355.0	1297963.0	1297623.014744	274209.315223	270129.538282	544338.853505	268088.911889	268312.249351	536401.161239	69558.0	733248.853505	1169164.014744	1153380.014744	1150547.0	1738982.0	0.762182	1.006123	34.0	21.0	55.0	1728399.636639
sub-44_T1w	5086.3	158.3	18172.8	60711.2	7877.3	3394.8	5109.5	2100.5	742.9	1664.8	23595.0	3945.4	2100.5	765.8	547.8	4966.5	36.1	342.3	4279.4	305.8	18013.4	61181.7	7602.7	3413.0	5132.5	2032.9	4354.7	2085.6	623.8	5018.8	22.2	332.9	4.0	521.3	0.0	0.0	0.0	0.0	0.0	76.5	1177.7	633.9	687.5	619.4	877.4	1225880.0	1212997.0	1213308.101694	252362.273922	257259.154388	509621.42831	242060.877357	241946.796028	484007.673384	61527.0	693609.42831	1067511.101694	1057606.101694	1054813.0	1665343.0	0.815553	1.107919	33.0	23.0	56.0	1503127.418344
sub-45_T1w	4409.3	404.9	16309.8	56990.7	7571.0	3992.0	5448.5	1986.6	729.1	1286.0	22744.1	4125.8	1551.9	624.5	638.5	4411.2	45.1	421.9	3725.1	352.2	15811.3	59137.8	7747.1	3974.5	5745.0	1869.3	4240.6	1659.8	612.1	4250.8	29.6	389.5	0.0	590.3	0.0	0.0	0.0	0.0	0.0	114.6	587.0	344.8	688.0	643.5	1012.5	1193660.0	1182053.0	1182350.97686	250188.392473	252966.931448	503155.323921	234962.987644	234933.665296	469896.65294	61342.0	681319.323921	1045697.97686	1036539.97686	1034047.0	1596327.0	0.819009	1.095291	33.0	23.0	56.0	1457444.969018
sub-46_T1w	10116.6	425.2	14974.1	60139.3	8316.7	3338.7	5533.9	2125.9	1153.9	2761.0	21292.6	3951.3	1666.8	1253.2	550.9	4312.5	11.5	521.2	8504.5	311.8	14599.8	61709.6	8125.5	3478.5	5533.3	1984.7	4188.0	1832.8	564.7	4196.2	18.2	716.6	0.0	570.4	0.0	0.0	0.0	0.0	0.0	101.3	970.0	668.9	699.5	753.3	998.1	1203621.0	1178351.0	1178699.945396	253964.237788	253209.439973	507173.677761	230193.920245	229435.34739	459629.267635	60955.0	690552.677761	1049906.945396	1029604.945396	1027334.0	1641339.0	0.752793	1.02656	24.0	19.0	43.0	1598873.676002
sub-47_T1w	4065.7	556.1	12966.1	51219.3	7975.1	4112.9	5519.8	2024.7	659.6	1593.3	18774.4	4396.1	1626.0	750.8	637.7	4208.9	33.2	400.4	2964.4	269.0	12300.3	52443.6	7138.3	4011.0	5586.8	1961.5	4449.7	1947.0	693.9	4058.8	24.7	566.5	0.0	935.9	0.0	0.0	0.0	0.0	0.0	124.4	929.3	528.9	592.2	500.9	870.9	1107867.0	1096832.0	1096755.467218	248548.084612	247539.862873	496087.947485	205180.38186	206240.137873	411420.519734	61789.0	661075.947485	978775.467218	970537.467218	969297.0	1427148.0	0.947547	1.220625	44.0	34.0	78.0	1169194.541143
sub-48_T1w	4260.0	423.6	15781.9	59812.5	8322.9	4015.9	5350.9	2044.1	1187.0	1785.0	20589.7	4719.8	2004.7	1314.2	648.8	4719.7	52.4	368.2	5883.9	209.2	14384.0	61132.7	7620.3	4050.0	5320.7	2130.8	4917.7	2319.5	668.5	4426.4	13.7	537.3	0.0	820.8	0.0	0.0	0.0	0.0	0.0	142.3	1052.8	572.4	665.2	556.4	952.5	1336578.0	1321373.0	1321009.640855	282038.24553	285187.097744	567225.343274	269087.527647	268428.769934	537516.297581	64821.0	753920.343274	1183868.640855	1172784.640855	1169857.0	1812619.0	0.747476	1.0137	28.0	17.0	45.0	1788122.422098
sub-49_T1w	3915.0	390.8	13687.2	55680.7	7116.4	3258.5	5739.2	2182.8	914.5	2096.8	18564.6	4268.3	1547.0	788.1	634.8	4794.5	19.0	354.9	3137.3	522.3	13633.2	54194.5	6666.9	3320.0	5905.7	1996.1	4379.5	1707.4	599.3	4024.8	9.6	383.3	0.0	1318.7	0.0	0.0	0.0	0.0	0.0	57.6	723.5	442.5	599.7	445.2	559.3	1062449.0	1050752.0	1050879.016379	231522.696862	233612.802549	465135.499411	194026.606706	194458.910261	388485.516967	60002.0	635963.499411	924234.016379	916154.016379	913461.0	1485400.0	0.722964	1.01077	37.0	27.0	64.0	1469573.300077
sub-50_T1w	4563.9	536.2	17768.3	53591.4	9288.5	4816.4	6057.7	2508.7	767.5	1742.2	23218.5	4462.3	2106.9	891.4	829.5	4765.0	45.4	404.5	4372.0	503.1	15435.5	52992.0	8067.6	4535.3	5987.1	2234.5	4425.3	2110.6	847.8	4742.9	51.8	512.1	0.0	609.5	0.0	0.0	0.0	0.0	0.0	265.2	1285.7	798.1	808.3	774.1	1298.9	1341912.0	1328583.0	1328881.831334	283103.998875	277646.064738	560750.063613	281488.724964	277984.042758	559472.767721	69116.0	737142.063613	1201617.831334	1191489.831334	1188922.0	1793064.0	0.798388	1.066807	31.0	19.0	50.0	1680775.993947
sub-51_T1w	6671.3	269.0	16598.2	68345.3	8617.4	4069.0	6418.7	2305.5	704.7	2205.0	23367.8	4591.8	1663.6	1037.7	597.5	4590.2	46.0	535.3	5754.0	446.3	15246.2	69298.2	8870.7	3993.6	6399.2	2246.4	4602.2	1937.7	687.6	4456.5	12.8	495.4	0.0	562.8	0.0	0.0	0.0	0.0	0.0	263.7	1015.6	556.5	639.5	540.6	939.6	1194367.0	1177156.0	1177046.332372	261372.643013	257231.3303	518603.973313	213011.560036	209121.799024	422133.359059	67496.0	723952.973313	1024070.332372	1010523.332372	1008232.0	1609321.0	0.764026	1.029469	17.0	30.0	47.0	1563253.533097
sub-52_T1w	8392.5	318.4	15279.0	55070.7	8575.0	3557.6	5851.3	1931.9	1255.7	1347.4	20602.1	4632.3	1884.5	1003.6	520.5	4278.1	28.2	364.3	9252.2	410.1	14157.4	55911.7	7903.1	3641.4	6035.0	1844.7	4507.1	1988.6	726.2	4055.3	29.4	628.4	0.0	758.5	0.0	0.0	0.0	0.0	0.0	103.9	986.4	595.1	670.8	736.5	822.5	1281414.0	1258997.0	1258573.97911	285212.174305	281420.595271	566632.769576	246767.162906	241106.046628	487873.209534	63362.0	741798.769576	1139247.97911	1120326.97911	1118219.0	1744956.0	0.752878	1.025227	21.0	27.0	48.0	1702019.843877
sub-53_T1w	4665.8	428.1	15939.4	59595.0	7942.3	4053.6	5110.8	2274.5	837.1	1778.4	22161.4	4061.6	1629.0	1152.6	422.6	4135.2	48.9	515.5	4865.6	319.7	15633.2	61275.3	7800.0	4066.3	5149.8	1989.9	4198.6	1803.4	537.9	4124.0	17.4	580.3	0.0	948.7	0.0	0.0	0.0	0.0	0.0	82.6	1055.0	487.4	716.3	572.5	884.7	1193282.0	1178930.0	1178683.16629	249407.652631	249784.858134	499192.510764	232349.327203	233509.328322	465858.655525	60735.0	682324.510764	1039414.16629	1028643.16629	1026020.0	1616485.0	0.745204	1.009493	21.0	26.0	47.0	1601283.227198
sub-54_T1w	5111.4	156.3	16749.2	62673.6	7404.5	3660.4	5328.7	1860.0	872.4	1706.6	20475.4	4604.3	1696.8	784.7	594.0	4056.2	36.8	300.6	4145.8	360.4	16985.1	61833.1	6709.2	3856.3	5484.3	1856.1	4423.6	1687.6	620.9	3838.3	19.1	362.8	0.0	476.0	0.0	0.0	0.0	0.0	0.0	66.1	827.0	500.7	596.9	473.5	801.9	1188826.0	1175844.0	1176342.185747	261826.527076	257314.429917	519140.956993	221768.86448	217971.364274	439740.228754	58837.0	703444.956993	1030197.185747	1020379.185747	1017194.0	1570607.0	0.814214	1.075692	23.0	25.0	48.0	1460090.46832
sub-55_T1w	18387.6	848.7	17094.5	68926.9	8730.7	3964.7	5458.3	2151.6	1475.3	2168.4	23534.0	4685.4	2066.2	1128.5	503.4	4992.1	5.5	567.1	14292.1	645.3	16109.6	69399.6	7974.4	4141.6	5897.5	2058.7	4800.9	2396.9	640.2	4883.5	24.7	825.3	0.0	1307.8	0.0	0.0	0.0	0.0	0.0	215.9	1148.2	620.9	513.4	739.1	1016.6	1503274.0	1463343.0	1463261.881287	328951.804983	332871.523481	661823.328464	280156.262379	282612.290444	562768.552823	66531.0	867931.328464	1329537.881287	1294256.881287	1291011.0	2002286.0	0.776859	1.034737	32.0	25.0	57.0	1935067.38693
sub-56_T1w	6454.0	574.4	16244.7	63168.0	8668.0	4112.5	5473.9	2214.9	1146.1	1350.1	23232.6	4853.5	2162.3	1130.7	506.1	4673.5	55.4	508.6	7695.0	391.6	16045.3	64614.1	8479.3	4113.6	5553.2	2160.1	5207.3	2301.2	599.2	4641.5	31.4	448.8	0.0	943.3	0.0	0.0	0.0	0.0	0.0	136.8	907.9	442.3	564.7	490.9	1063.1	1449181.0	1430035.0	1430379.169292	334533.407997	336876.040826	671409.448823	264788.741641	267345.978828	532134.720469	67344.0	866841.448823	1288367.169292	1272734.169292	1270481.0	1923433.0	0.778782	1.033642	35.0	28.0	63.0	1860830.120409
sub-57_T1w	5560.7	427.1	15097.3	58071.9	7423.5	3894.6	5611.0	2145.8	1061.7	1999.3	19607.2	4196.5	1446.5	1056.4	474.2	4176.3	13.9	636.1	5741.0	401.6	14473.8	60064.6	7079.9	3977.5	5550.0	1951.9	4170.2	1634.3	523.9	4012.5	12.6	602.9	0.0	779.3	0.0	0.0	0.0	0.0	0.0	166.5	1035.9	529.2	546.4	499.5	739.7	1132890.0	1115899.0	1116008.458926	248781.332516	248698.355151	497479.687668	205857.447024	205775.324234	411632.771258	59580.0	675809.687668	983892.458926	970943.458926	968519.0	1501569.0	0.780279	1.034207	23.0	25.0	48.0	1451904.201482
sub-58_T1w	3447.2	524.7	17351.7	58413.6	7785.7	3942.0	5540.5	2089.6	935.7	1232.4	21337.0	4622.5	1533.6	850.2	796.6	4910.6	50.4	232.2	3680.8	331.4	16332.4	58919.4	7847.4	4097.8	5220.2	1903.7	4216.1	1774.7	783.2	4328.4	7.5	280.9	0.0	1207.9	0.0	0.0	0.0	0.0	0.0	133.7	959.0	502.5	552.9	485.7	600.1	1204207.0	1193245.0	1193218.86468	272143.595175	273733.775449	545877.370624	215817.740342	217144.753714	432962.494056	62867.0	727176.370624	1052546.86468	1044508.86468	1041718.0	1621982.0	0.796253	1.072496	44.0	37.0	81.0	1512343.004028
sub-59_T1w	7999.7	275.7	12658.5	56292.0	6903.9	3336.6	5409.9	1848.0	1120.8	2082.3	17191.5	4050.4	1236.4	1010.3	550.1	3678.6	14.3	557.7	5685.8	488.7	12401.2	58617.6	6573.8	3413.8	5490.9	1565.2	4287.9	1719.3	550.8	3665.6	24.9	571.3	0.0	477.5	0.0	0.0	0.0	0.0	0.0	158.4	974.9	551.8	668.5	710.3	799.9	1108626.0	1089453.0	1089700.709488	259466.12375	253937.149381	513403.273131	192620.74158	188253.694776	380874.436356	55347.0	684800.273131	967269.709488	952243.709488	949278.0	1520376.0	0.780528	1.070421	54.0	46.0	100.0	1420353.172869
sub-60_T1w	12108.2	329.7	16192.4	55417.8	8216.4	3305.6	5263.5	2251.4	760.5	1713.3	20275.8	4697.8	1832.2	757.0	505.8	4162.8	16.9	420.8	10125.2	426.3	13486.6	56676.8	7788.6	3564.8	5500.8	2004.3	4510.3	2016.1	542.3	4100.8	33.0	541.3	0.0	1187.0	0.0	0.0	0.0	0.0	0.0	133.2	1222.2	627.6	437.5	470.8	915.6	1304151.0	1277820.0	1277710.613729	268015.952876	263526.300556	531542.253433	272709.415939	268423.944358	541133.360297	62272.0	707846.253433	1161536.613729	1138206.613729	1134968.0	1742148.0	0.762023	1.017948	44.0	36.0	80.0	1711431.988736
sub-61_T1w	10973.8	529.4	11575.1	49243.9	6347.8	3123.4	4376.8	1905.1	1232.7	2042.1	17162.6	4110.4	1687.5	832.3	398.4	3707.1	17.8	535.1	10333.1	580.3	11556.3	48924.5	5936.6	3213.0	4363.8	1700.3	4048.9	1613.8	449.6	3627.9	19.4	514.4	0.0	838.5	0.0	0.0	0.0	0.0	0.0	98.6	1110.3	586.4	467.1	650.4	926.7	1115083.0	1088219.0	1088140.2641	249552.753699	247325.924279	496878.677979	210849.449978	207793.136142	418642.586121	51990.0	647592.677979	992020.2641	969074.2641	967554.0	1533711.0	0.734732	1.010567	18.0	13.0	31.0	1517672.993605
sub-62_T1w	3768.1	547.3	16790.4	65970.0	7064.7	3241.5	5540.9	2360.4	1185.5	1361.6	21687.1	4125.1	1728.7	820.3	598.9	4855.5	99.8	404.7	2797.9	526.2	15052.3	67111.4	7344.1	3086.2	5333.1	1941.4	4359.5	1912.3	666.0	4698.8	22.5	426.2	0.0	1978.4	0.0	0.0	0.0	0.0	0.0	202.2	940.0	582.6	712.8	623.2	911.4	1224004.0	1213046.0	1213104.766422	253685.487783	252407.163845	506092.651628	243224.14869	238541.966104	481766.114795	60268.0	700132.651628	1058994.766422	1051227.766422	1048043.0	1608008.0	0.777488	1.021408	19.0	14.0	33.0	1574305.536495
sub-63_T1w	5204.5	206.5	15102.3	63331.0	8665.3	3958.6	5357.1	2016.9	935.9	2747.2	22948.5	4550.5	1889.5	1123.7	636.6	4929.5	0.0	342.9	3746.3	221.4	13377.7	64188.9	8216.6	3914.3	5669.2	1768.3	4966.6	2045.9	676.7	5110.3	21.5	312.7	0.0	718.6	0.0	0.0	0.0	0.0	0.0	44.8	1121.6	646.3	1011.6	1022.5	1066.6	1281049.0	1267114.0	1267003.325126	265905.379141	267830.866718	533736.245859	257485.534996	255234.544271	512720.079267	65575.0	727009.245859	1123711.325126	1114402.325126	1112123.0	1691614.0	0.812503	1.072903	21.0	22.0	43.0	1576669.998108
sub-64_T1w	8165.4	314.7	13964.0	51911.5	7488.5	3387.6	4695.5	2012.7	970.6	1511.3	19112.8	4623.7	1831.1	935.1	527.6	4377.6	40.2	644.6	6193.0	635.0	12743.6	52327.3	7310.8	3526.2	4623.5	1937.8	4355.3	1963.2	555.0	4026.7	32.0	559.9	0.0	575.5	0.0	0.0	0.0	0.0	0.0	182.1	905.3	540.8	632.9	519.4	827.2	1135191.0	1115706.0	1115859.321344	247787.428149	246738.354611	494525.78276	214326.692176	216772.846407	431099.538584	58813.0	658760.78276	1003205.321344	986995.321344	984213.0	1558326.0	0.742658	1.019479	23.0	23.0	46.0	1528551.559376
sub-65_T1w	3413.1	133.0	16037.0	58673.8	7773.4	4087.9	5906.0	2177.8	717.4	1849.0	19802.0	4470.4	1824.3	735.2	613.1	4736.8	17.7	407.1	4097.5	422.2	14184.2	59601.4	7495.8	4227.4	5945.8	2073.3	4462.9	2190.5	636.8	4467.4	45.1	524.4	0.0	687.8	0.0	0.0	0.0	0.0	0.0	211.6	929.2	551.9	561.8	546.6	788.8	1134725.0	1123195.0	1123135.851917	246326.367272	249726.010995	496052.378267	207009.933863	207396.539786	414406.473649	64562.0	679308.378267	985740.851917	977265.851917	974998.0	1533774.0	0.772435	1.044078	15.0	19.0	34.0	1469022.424841
sub-66_T1w	8200.7	274.2	15273.3	64532.4	8257.2	4404.6	7352.4	2234.7	869.4	1465.8	23294.5	4953.4	2091.0	1011.0	775.1	4832.9	58.5	569.6	6552.4	277.3	14457.6	65391.1	7789.9	4522.6	7599.6	2172.9	5263.9	2305.0	710.3	5003.0	14.4	556.5	0.0	977.0	0.0	0.0	0.0	0.0	0.0	104.2	1001.5	701.0	575.9	586.1	1026.3	1399192.0	1380511.0	1380404.96044	308397.347798	306867.598995	615264.946793	263509.160031	268607.853616	532117.013647	71752.0	818892.946793	1239647.96044	1224059.96044	1219179.0	1807841.0	0.790396	1.02124	17.0	35.0	52.0	1770241.682124
sub-67_T1w	9163.7	383.8	14944.8	53171.6	7235.2	4435.3	5147.2	2286.7	1237.8	1347.7	22113.0	4530.9	1825.7	1047.9	475.1	4451.1	28.7	729.6	8198.0	275.0	13683.1	54797.4	7171.0	4344.4	5300.4	1906.0	4557.4	1732.0	570.9	4538.2	13.9	888.1	0.0	756.3	0.0	0.0	0.0	0.0	0.0	150.3	1161.7	651.9	572.5	524.2	1155.0	1228242.0	1205486.0	1205715.829462	265203.539241	268396.425805	533599.965046	236552.272935	237079.591481	473631.864416	61978.0	704273.965046	1091096.829462	1071850.829462	1068892.0	1646482.0	0.810123	1.085986	39.0	32.0	71.0	1516116.992088
sub-68_T1w	7175.7	219.3	14666.2	57893.3	6678.2	3332.2	5440.9	1970.9	1029.2	1957.7	19267.1	4088.2	1839.4	595.7	541.7	3982.1	46.4	353.9	5735.7	325.8	13533.2	57818.8	6877.4	3334.5	5228.2	1731.9	4182.1	1876.6	593.5	4183.5	17.3	336.6	0.0	505.6	0.0	0.0	0.0	0.0	0.0	130.9	925.0	597.9	500.1	600.4	847.3	1154215.0	1137423.0	1137387.320345	242801.367229	244014.540726	486815.907955	224826.047717	224492.364672	449318.41239	57520.0	660866.907955	1009479.320345	996056.320345	993631.0	1590671.0	0.799655	1.102037	10.0	9.0	19.0	1443391.067847
sub-69_T1w	8161.0	351.4	14036.0	56658.6	8910.1	4103.3	5608.7	2110.3	1313.7	1845.6	22736.4	4278.2	1607.3	1089.0	650.7	4711.2	56.4	342.9	16160.2	901.5	13023.8	58664.9	8186.1	4253.8	5567.6	1826.0	4235.5	1975.0	618.1	4601.5	111.1	331.0	0.0	727.0	0.0	0.0	0.0	0.0	0.0	155.1	859.6	582.4	517.7	534.7	957.4	1305070.0	1275233.0	1275335.4136	281062.104301	281313.776501	562375.880802	251277.729271	254079.803526	505357.532797	64565.0	743587.880802	1161395.4136	1135641.4136	1132193.0	1740677.0	0.72826	0.971339	19.0	24.0	43.0	1792038.218448
sub-70_T1w	10643.5	297.1	15187.3	65104.7	9045.9	3663.5	3836.1	2155.3	1421.5	3414.2	22033.9	4104.8	1998.5	1255.7	534.5	4491.9	45.6	293.0	11156.5	491.4	14324.2	67867.2	7998.1	3879.6	5160.4	1880.8	4075.4	2096.4	582.4	4358.1	30.0	430.6	0.0	694.8	0.0	0.0	1.8	0.0	0.0	144.2	869.2	460.7	365.0	414.2	792.0	1302678.0	1273837.0	1273861.468108	288491.672738	286560.955728	575052.628466	239806.71044	235675.129202	475481.839643	61267.0	770201.628466	1137053.468108	1114168.468108	1111727.0	1806089.0	0.786772	1.090814	24.0	12.0	36.0	1655725.782903
sub-72_T1w	3437.4	387.0	13414.4	48505.6	6777.0	3284.1	3984.5	1936.9	716.5	1349.9	19610.0	3693.4	1547.5	707.1	598.0	4067.8	44.8	311.4	3127.9	289.2	12455.1	48593.3	7177.0	3258.8	4150.7	1780.4	3906.1	1656.6	612.7	4034.2	15.1	299.9	0.0	854.4	0.0	0.0	0.0	0.0	0.0	153.4	918.2	488.0	622.5	672.2	701.7	1097346.0	1087488.0	1087592.519515	247390.939307	242551.082897	489942.022204	211964.034786	209147.462525	421111.497311	53889.0	641367.022204	973941.519515	966708.519515	964773.0	1503748.0	0.760818	1.042587	24.0	27.0	51.0	1442324.027021
sub-73_T1w	7501.6	460.8	15939.0	56451.1	7869.8	3855.6	5018.5	2208.7	1105.9	2479.7	19854.5	4272.5	2023.3	1154.8	502.7	4156.2	27.8	657.0	6197.0	165.5	14982.9	57541.2	8467.2	3915.2	5119.8	1834.4	4489.2	1899.6	667.6	4018.3	15.3	574.5	0.0	1341.6	0.0	0.0	0.0	0.0	0.0	109.8	1036.4	542.0	565.1	560.4	1034.3	1232749.0	1213239.0	1212642.532884	270245.007643	266386.975296	536631.98294	236058.767278	232947.782666	469006.549944	61814.0	714058.98294	1085088.532884	1070125.532884	1067961.0	1668364.0	0.755464	1.022421	34.0	28.0	62.0	1631777.338028
sub-74_T1w	2581.0	218.9	16718.5	56333.7	6993.0	3064.8	3204.4	3115.5	549.3	1233.1	21195.4	4117.8	1804.4	839.9	384.9	4418.6	17.3	353.5	2210.7	148.2	14874.0	58469.8	7195.2	3212.7	3154.8	3083.5	4305.1	1768.7	414.9	3988.6	5.9	335.5	0.0	1553.3	0.0	0.0	0.0	0.0	0.0	72.7	1013.5	598.5	688.6	592.6	836.6	1102993.0	1095232.0	1095212.208519	236007.650273	236574.113711	472581.763984	211293.613701	210162.830835	421456.444536	56326.0	643419.763984	957082.208519	951692.208519	950316.0	1512906.0	0.771546	1.058281	54.0	59.0	113.0	1429588.358418
sub-75_T1w	6784.9	341.3	11886.7	51696.1	6330.8	2920.8	4387.0	1741.2	997.3	2011.0	15255.9	3778.3	1633.7	796.5	436.3	3741.5	24.3	381.1	8303.9	527.2	10660.5	50566.7	6293.4	3093.3	4493.4	1560.8	3883.4	1605.1	496.3	3535.1	31.6	415.4	0.0	412.6	0.0	0.0	0.0	0.0	0.0	117.5	843.6	444.9	361.7	384.0	832.0	1061465.0	1041498.0	1041899.637322	243199.557609	244163.674464	487363.232073	188821.369595	189302.035654	378123.405249	51535.0	642054.232073	935523.637322	919225.637322	916568.0	1442192.0	0.786514	1.068621	29.0	38.0	67.0	1349582.064341
sub-76_T1w	5144.8	630.7	17068.2	57935.8	8138.2	3889.8	5088.1	2158.1	1096.1	1235.8	20416.0	4442.8	2034.8	1152.2	551.5	4419.6	35.6	372.1	5575.4	479.9	15213.6	59040.2	7424.9	3861.6	5000.2	2075.0	4420.5	2184.8	623.8	4350.4	27.1	538.6	0.0	707.3	0.0	0.0	0.0	0.0	0.0	171.4	1000.0	546.4	672.7	795.8	1059.3	1319760.0	1304353.0	1304416.917014	292890.963704	290430.139097	583321.102801	255833.499227	252604.314987	508437.814213	61974.0	764488.102801	1169518.917014	1157388.917014	1153608.0	1769476.0	0.774333	1.038191	21.0	18.0	39.0	1704383.247759
sub-77_T1w	4245.3	295.2	16832.6	62143.2	7964.2	4148.2	5285.5	2471.8	921.9	1564.3	24331.1	4790.4	1980.4	786.2	565.4	4939.0	29.2	279.2	5818.9	470.0	15887.6	63142.9	8227.6	4429.9	5329.9	2175.9	4730.0	2077.1	547.3	4765.2	13.3	358.6	1.0	731.7	0.0	0.0	0.0	0.0	0.0	269.0	874.5	512.9	514.2	564.6	804.1	1264626.0	1250923.0	1250854.643829	274087.321486	271316.658733	545403.980218	243839.932642	237869.730969	481709.663611	66011.0	737239.980218	1106422.643829	1095758.643829	1093023.0	1656827.0	0.77447	1.014658	11.0	20.0	31.0	1632892.098294
sub-78_T1w	2912.9	281.0	14851.8	57684.0	6892.4	3318.4	4552.3	2140.9	749.1	1405.7	20629.0	3925.6	1617.4	681.7	326.2	4609.7	6.9	242.5	2680.5	190.9	14899.0	55366.0	6806.2	3316.3	4910.2	2078.4	3966.4	1514.7	395.0	3998.1	15.4	234.9	0.0	1295.9	0.0	0.0	0.0	0.0	0.0	187.1	898.6	578.2	797.7	663.9	670.2	1103759.0	1095200.0	1095091.417779	237344.791081	237456.939817	474801.730898	212849.774419	208311.912463	421161.686882	55616.0	644892.730898	960790.417779	954878.417779	951533.0	1517460.0	0.779772	1.072039	50.0	36.0	86.0	1415490.035852
sub-79_T1w	3412.5	191.8	19735.4	63320.6	9271.1	4344.4	6424.3	2514.9	774.9	2719.2	26864.5	4822.2	2168.0	756.5	592.9	5393.7	43.1	366.5	3818.0	230.9	18498.5	63961.8	8881.9	4681.9	6359.4	2296.1	4908.0	2076.6	700.1	5254.1	29.2	370.5	0.0	1830.6	0.0	0.0	0.0	0.0	0.0	122.4	870.8	741.7	1042.7	1093.0	1020.0	1430586.0	1419197.0	1419372.509268	292154.568348	284567.063041	576721.631389	303493.821328	300800.05655	604293.877878	72262.0	777881.631389	1263949.509268	1256507.509268	1253038.0	1826947.0	0.808343	1.032305	36.0	22.0	58.0	1769775.248013
sub-80_T1w	3869.9	379.5	14494.5	61389.8	7680.3	4570.6	5959.1	2114.7	794.3	1751.3	21769.3	5033.8	1827.9	804.8	651.4	4773.8	23.3	332.2	3950.9	228.5	13835.5	60338.9	7877.6	4405.5	5713.6	1941.3	4667.8	2013.2	804.1	4484.9	14.7	306.4	0.0	1287.0	0.0	0.0	0.0	0.0	0.0	95.7	769.9	421.2	607.7	640.5	999.8	1242599.0	1230891.0	1230715.75057	268553.154961	270451.024313	539004.179274	238239.765908	237686.805388	475926.571296	65963.0	727022.179274	1092187.75057	1083679.75057	1081017.0	1657120.0	0.809239	1.079195	23.0	32.0	55.0	1535514.667625
sub-81_T1w	15412.6	639.9	17108.6	55500.1	8635.4	3422.2	5487.5	2119.5	1439.4	1873.2	23243.6	4262.5	1715.7	1100.7	541.6	4784.0	26.7	768.1	15278.1	515.0	16169.9	54722.9	7883.7	3615.5	5636.5	2143.8	4286.6	1900.7	544.0	4459.7	21.1	922.5	0.0	866.7	0.0	0.0	0.0	0.0	0.0	205.1	920.0	509.0	447.5	481.0	1055.6	1293170.0	1255792.0	1255889.398287	269466.218693	268721.821507	538188.0402	255932.469269	255454.888818	511387.358087	62792.0	712381.0402	1147651.398287	1114509.398287	1112180.0	1744163.0	0.75601	1.019669	18.0	16.0	34.0	1710519.644141
sub-82_T1w	4680.3	219.6	17003.0	61497.2	7918.6	4220.8	6247.4	2329.3	866.7	2008.8	21072.0	4672.0	1969.8	765.7	501.8	4583.2	27.8	382.2	5520.5	319.6	16435.8	63011.0	7466.0	4398.1	6394.0	2251.0	4439.2	2362.4	550.6	4501.5	68.8	483.8	0.0	960.4	0.0	0.0	0.0	0.0	0.0	141.0	899.5	484.3	643.9	533.5	970.0	1207383.0	1192794.0	1192960.774363	260951.138995	257899.832456	518850.97145	226623.208108	223166.594805	449789.802912	66095.0	710590.97145	1048361.774363	1037315.774363	1034572.0	1621112.0	0.848025	1.138614	33.0	21.0	54.0	1423758.779533
sub-83_T1w	3290.4	318.9	15567.2	54562.9	7643.5	3013.8	5195.8	2195.6	650.1	1848.6	21081.5	4175.9	1560.0	647.0	498.2	4291.5	21.2	360.8	3119.5	449.7	15163.8	54521.7	7770.7	3128.0	5158.9	2023.2	4401.2	1659.2	549.7	4334.1	8.0	537.9	0.0	855.0	0.0	0.0	0.0	0.0	0.0	109.3	946.0	431.0	721.6	748.5	803.1	1167375.0	1157008.0	1157028.861639	244223.64118	243207.509727	487431.150907	236711.567489	234143.143243	470854.710732	59145.0	656285.150907	1027167.861639	1019669.861639	1017334.0	1552224.0	0.797778	1.060781	14.0	12.0	26.0	1463283.511341
sub-84_T1w	9293.8	306.2	11834.4	52163.8	5838.5	3388.0	4383.5	1880.8	885.9	1766.7	16115.6	3655.1	1485.8	945.6	421.2	3454.9	14.1	432.7	9427.0	260.6	11497.2	52523.8	5826.7	3430.3	4273.5	1557.1	3789.8	1513.4	469.6	3520.3	30.6	470.6	0.0	685.0	0.0	0.0	0.0	0.0	0.0	132.1	750.0	393.8	333.4	394.4	890.6	1006699.0	983355.0	983458.785862	224144.347749	221497.601025	445641.948774	181699.89293	177663.944158	359363.837087	50333.0	601736.948774	877680.785862	857838.785862	855165.0	1391486.0	0.746797	1.032243	32.0	41.0	73.0	1348021.840734
sub-85_T1w	3477.0	274.0	15926.3	60256.7	7569.1	3372.5	4847.7	1938.1	850.3	1411.8	21721.5	3902.6	1609.4	1130.8	514.8	4561.2	55.0	372.8	3231.5	419.4	14456.7	59411.1	7586.1	3293.4	5025.9	1825.9	3915.0	1756.1	562.9	4466.9	27.8	345.7	2.8	538.2	0.0	0.0	0.0	0.0	0.0	133.2	853.3	476.3	622.2	529.9	918.4	1152886.0	1142119.0	1142225.673231	252362.242693	252879.003001	505241.245694	215997.93521	212903.492328	428901.427537	58242.0	683447.245694	1002208.673231	994662.673231	992210.0	1549946.0	0.779738	1.048283	29.0	36.0	65.0	1478556.193445
sub-86_T1w	6877.8	264.9	15753.9	59389.7	7221.2	3426.6	4837.2	1906.9	1109.6	2534.6	20781.4	4180.4	1663.9	1047.9	639.7	4172.0	68.7	511.4	5485.4	199.1	14532.4	60140.8	6892.1	3587.4	5002.1	1772.8	4182.0	1852.6	636.4	4474.9	40.7	559.9	0.0	1291.2	0.0	0.0	0.0	0.0	0.0	137.0	959.6	474.1	428.9	533.9	889.7	1194781.0	1176985.0	1177382.694153	256407.180877	252396.070105	508803.250982	233654.770518	227955.672653	461610.443171	58375.0	687196.250982	1044062.694153	1030744.694153	1028374.0	1602850.0	0.944161	1.266633	17.0	25.0	42.0	1265441.497313
sub-87_T1w	5977.1	375.2	19576.2	60302.3	9295.2	4025.5	5780.3	2561.1	736.8	1382.5	22702.6	4892.9	1996.8	717.1	660.2	5318.4	35.7	434.6	5148.8	335.1	16503.3	61137.4	8812.7	3970.5	5498.4	2336.2	4929.8	2311.4	728.3	5221.4	27.5	698.5	0.0	862.1	0.0	0.0	0.0	0.0	0.0	166.2	1195.9	776.1	594.8	582.9	1152.3	1358471.0	1343435.0	1343639.69726	255700.045254	255919.17531	511619.220563	303841.882791	299133.593905	602975.476696	69810.0	705207.220563	1201668.69726	1189232.69726	1184108.0	1733503.0	0.79612	1.015904	25.0	28.0	53.0	1706365.610226
sub-88_T1w	6460.4	341.2	12858.4	51210.1	6882.4	3199.7	4466.6	1673.1	984.9	1880.4	18660.8	3518.1	1527.2	819.9	548.4	3709.4	24.1	308.5	6424.9	281.5	12491.3	52169.1	6548.3	3252.2	4401.3	1439.7	3522.1	1583.5	514.7	3711.4	27.1	289.7	0.0	757.8	0.0	0.0	0.0	0.0	0.0	166.3	932.2	565.0	458.2	422.0	965.9	1072433.0	1055445.0	1055048.280063	227581.042238	224918.674437	452499.716675	213168.958434	209101.604954	422270.563389	51839.0	608533.716675	941763.280063	928348.280063	926935.0	1479776.0	0.865782	1.194632	13.0	21.0	34.0	1238687.211967
sub-89_T1w	4065.9	389.0	15532.4	68820.9	7971.8	3588.3	5026.2	2116.7	1096.7	1178.3	23176.5	4638.7	1443.7	1125.9	594.3	4615.6	106.3	604.7	2909.1	379.2	15669.3	69750.8	7714.0	3403.7	5187.0	1777.8	4205.8	1664.5	672.3	4237.4	37.2	445.1	0.0	675.5	0.0	0.0	0.0	0.0	0.0	208.9	956.2	495.9	789.9	664.0	743.6	1214852.0	1203482.0	1203601.484164	266468.776695	261845.686253	528314.462947	225170.264173	219583.757043	444754.021216	60549.0	728248.462947	1044685.484164	1036538.484164	1033488.0	1660604.0	0.76317	1.043191	36.0	29.0	65.0	1591849.893366
sub-90_T1w	10140.1	489.1	14911.1	58824.3	8281.1	3809.3	4873.1	2086.7	1055.7	1985.2	20924.0	4900.9	1759.6	1197.0	599.3	4655.2	108.4	706.4	6485.1	380.4	14442.5	60815.3	8328.7	3798.8	4923.2	1950.5	4971.9	1919.0	689.4	4504.5	23.9	438.7	0.0	732.7	0.0	0.0	0.0	0.0	0.0	208.6	1012.3	571.3	620.3	571.8	1111.3	1336922.0	1314758.0	1314538.818824	285150.529027	288806.659261	573957.188288	264139.846195	263849.784341	527989.630536	63709.0	758419.188288	1186325.818824	1168200.818824	1165857.0	1787486.0	0.74878	1.001131	12.0	10.0	22.0	1785466.046646
sub-91_T1w	5692.3	287.6	14231.3	54884.1	7621.8	3652.5	5178.1	2002.0	1012.5	2344.0	19682.6	4599.9	1848.9	900.8	638.9	4085.0	19.9	513.2	6752.8	500.3	14186.5	56577.9	7408.4	3868.6	5391.4	1668.9	4543.4	2147.0	609.1	3911.6	9.7	565.6	0.0	734.0	0.0	0.0	0.0	0.0	0.0	141.1	994.6	582.9	583.0	709.8	939.9	1246314.0	1228732.0	1228266.848759	268396.991489	268051.263164	536448.254652	245247.470875	246148.123232	491395.594107	60701.0	709453.254652	1104145.848759	1090635.848759	1088894.0	1665534.0	0.790692	1.056655	18.0	11.0	29.0	1576232.173495
sub-92_T1w	7910.7	361.9	18522.7	60441.8	7598.5	4239.0	5644.4	2105.6	1014.4	1919.0	20427.7	4800.8	1838.2	852.9	511.7	4490.0	42.4	444.1	7871.6	526.3	15078.1	60986.7	6791.3	4546.4	5679.8	1996.5	4158.6	2395.2	659.9	4160.6	54.6	445.7	0.0	1945.3	0.0	0.0	0.0	0.0	0.0	108.8	686.3	414.0	433.9	424.8	960.4	1304140.0	1283573.0	1283617.949825	289331.969641	282306.668004	571638.637646	247840.757588	245182.554591	493023.312179	63335.0	757562.637646	1148295.949825	1131349.949825	1127907.0	1731718.0	0.771134	1.023959	64.0	50.0	114.0	1691198.013233
sub-93_T1w	10564.8	395.7	14954.9	61461.5	7334.0	3600.0	3379.9	1604.5	1229.8	2438.9	19435.7	3700.2	1771.1	1046.6	655.6	4576.1	9.1	449.3	11374.5	444.2	14297.0	59904.2	6317.5	3833.9	4819.4	1651.9	3677.5	1740.5	655.6	4005.0	23.1	476.9	0.0	775.0	0.0	0.0	0.0	0.0	0.0	190.8	1020.2	479.6	480.4	486.2	895.2	1127302.0	1099389.0	1099153.3623	238279.791003	241483.497757	479763.28876	207262.122578	206548.950961	413811.07354	54848.0	657070.28876	973925.3623	950596.3623	948562.0	1553060.0	0.758338	1.044746	10.0	10.0	20.0	1486543.303641
sub-94_T1w	6362.9	486.6	14658.3	51637.0	7769.7	3746.2	4961.3	2146.7	794.0	1631.5	21465.6	4095.8	1880.1	977.1	524.8	4273.5	39.5	481.1	6069.3	320.9	14562.8	52411.2	7450.6	3939.0	4847.7	1927.7	4162.8	1696.3	537.8	4414.9	23.1	569.5	0.0	814.1	0.0	0.0	0.0	0.0	0.0	206.4	1414.9	838.4	830.6	863.8	1068.7	1188022.0	1171070.0	1170956.562701	237898.554954	237004.411292	474902.966246	253277.243471	250005.352984	503282.596455	59853.0	639396.966246	1053986.562701	1040290.562701	1038023.0	1656329.0	0.813321	1.133924	11.0	13.0	24.0	1460705.295403
sub-95_T1w	4797.0	228.9	13260.9	55058.8	6401.5	3734.8	5265.0	1878.0	878.7	1753.6	18034.6	4045.8	1560.1	1151.0	512.3	3979.9	58.8	400.8	4432.0	311.5	12576.8	55366.2	6748.3	3645.3	5380.5	1629.4	4073.6	1703.4	597.5	4009.1	106.2	497.0	0.0	743.6	0.0	0.0	0.0	0.0	0.0	89.4	922.6	466.7	549.6	513.0	921.9	1053345.0	1039676.0	1039471.467377	231893.280645	232716.203246	464609.483891	192184.287797	190392.69569	382576.983486	56582.0	632024.483891	915643.467377	905581.467377	904055.0	1474255.0	0.736104	1.030246	18.0	15.0	33.0	1430973.491575
sub-96_T1w	3856.4	472.6	15169.7	54656.4	6652.6	3585.2	4672.6	1764.3	914.5	1152.4	20219.4	4193.9	1559.9	848.3	580.1	3939.2	33.0	443.2	3537.7	335.2	14656.5	56734.0	6519.1	3698.1	4698.4	1626.7	4168.2	1821.6	547.2	3993.7	11.0	411.9	0.0	921.0	0.0	0.0	0.0	0.0	0.0	150.2	854.7	419.1	449.3	504.4	688.6	1045682.0	1034245.0	1034216.626534	236985.750123	237271.711372	474257.461495	181998.051615	181157.113424	363155.165039	55305.0	641808.461495	903533.626534	894952.626534	892639.0	1445421.0	0.786293	1.086874	28.0	31.0	59.0	1329888.306134
sub-97_T1w	4541.9	415.2	16017.2	65843.4	8426.4	3982.4	5972.4	2246.9	901.0	2076.5	23003.7	4214.0	1661.3	983.3	631.9	4465.2	15.4	437.5	4052.1	352.7	15206.7	67142.0	8465.9	3821.0	5967.4	2000.3	4478.7	1988.2	683.7	4470.0	10.2	483.8	0.0	580.3	0.0	0.0	0.0	0.0	0.0	177.5	921.8	516.4	729.9	766.7	1025.4	1211056.0	1197584.0	1197636.766959	255467.544629	261782.565756	517250.110385	226610.673351	225396.983223	452007.656574	64950.0	715338.110385	1045870.766959	1036158.766959	1034045.0	1640284.0	0.743713	1.007303	33.0	34.0	67.0	1628391.219352
sub-99_T1w	4974.6	519.9	15768.4	67320.9	8556.8	3750.6	4412.0	2004.5	991.0	1753.3	22633.0	4678.1	1772.1	1093.3	582.3	4806.0	22.3	364.7	3612.1	241.5	14922.0	71123.4	7540.4	3781.0	5282.0	2066.9	4708.7	1878.3	645.2	4497.8	30.6	394.1	0.0	1216.9	0.0	0.0	0.0	0.0	0.0	201.3	1028.1	554.8	756.2	493.3	1034.0	1362239.0	1349159.0	1349263.805956	306850.531624	301244.113314	608094.644938	256758.247014	253803.914004	510562.161018	62483.0	809164.644938	1192384.805956	1182962.805956	1180938.0	1797079.0	0.851132	1.122822	37.0	20.0	57.0	1600502.540228
