lh.aparc.a2009s.thickness	lh_G&S_frontomargin_thickness	lh_G&S_occipital_inf_thickness	lh_G&S_paracentral_thickness	lh_G&S_subcentral_thickness	lh_G&S_transv_frontopol_thickness	lh_G&S_cingul-Ant_thickness	lh_G&S_cingul-Mid-Ant_thickness	lh_G&S_cingul-Mid-Post_thickness	lh_G_cingul-Post-dorsal_thickness	lh_G_cingul-Post-ventral_thickness	lh_G_cuneus_thickness	lh_G_front_inf-Opercular_thickness	lh_G_front_inf-Orbital_thickness	lh_G_front_inf-Triangul_thickness	lh_G_front_middle_thickness	lh_G_front_sup_thickness	lh_G_Ins_lg&S_cent_ins_thickness	lh_G_insular_short_thickness	lh_G_occipital_middle_thickness	lh_G_occipital_sup_thickness	lh_G_oc-temp_lat-fusifor_thickness	lh_G_oc-temp_med-Lingual_thickness	lh_G_oc-temp_med-Parahip_thickness	lh_G_orbital_thickness	lh_G_pariet_inf-Angular_thickness	lh_G_pariet_inf-Supramar_thickness	lh_G_parietal_sup_thickness	lh_G_postcentral_thickness	lh_G_precentral_thickness	lh_G_precuneus_thickness	lh_G_rectus_thickness	lh_G_subcallosal_thickness	lh_G_temp_sup-G_T_transv_thickness	lh_G_temp_sup-Lateral_thickness	lh_G_temp_sup-Plan_polar_thickness	lh_G_temp_sup-Plan_tempo_thickness	lh_G_temporal_inf_thickness	lh_G_temporal_middle_thickness	lh_Lat_Fis-ant-Horizont_thickness	lh_Lat_Fis-ant-Vertical_thickness	lh_Lat_Fis-post_thickness	lh_Pole_occipital_thickness	lh_Pole_temporal_thickness	lh_S_calcarine_thickness	lh_S_central_thickness	lh_S_cingul-Marginalis_thickness	lh_S_circular_insula_ant_thickness	lh_S_circular_insula_inf_thickness	lh_S_circular_insula_sup_thickness	lh_S_collat_transv_ant_thickness	lh_S_collat_transv_post_thickness	lh_S_front_inf_thickness	lh_S_front_middle_thickness	lh_S_front_sup_thickness	lh_S_interm_prim-Jensen_thickness	lh_S_intrapariet&P_trans_thickness	lh_S_oc_middle&Lunatus_thickness	lh_S_oc_sup&transversal_thickness	lh_S_occipital_ant_thickness	lh_S_oc-temp_lat_thickness	lh_S_oc-temp_med&Lingual_thickness	lh_S_orbital_lateral_thickness	lh_S_orbital_med-olfact_thickness	lh_S_orbital-H_Shaped_thickness	lh_S_parieto_occipital_thickness	lh_S_pericallosal_thickness	lh_S_postcentral_thickness	lh_S_precentral-inf-part_thickness	lh_S_precentral-sup-part_thickness	lh_S_suborbital_thickness	lh_S_subparietal_thickness	lh_S_temporal_inf_thickness	lh_S_temporal_sup_thickness	lh_S_temporal_transverse_thickness	lh_MeanThickness_thickness	BrainSegVolNotVent	eTIV
sub-02_T1w	2.325	2.586	2.416	2.612	2.689	2.827	2.416	2.508	2.895	2.657	1.728	2.848	2.614	2.517	2.521	2.766	2.91	3.216	2.555	2.138	2.865	1.993	3.148	2.616	2.638	2.719	2.408	2.101	2.802	2.38	2.708	1.961	2.184	3.117	3.113	2.558	2.552	2.9	2.239	2.383	2.601	1.93	2.94	1.843	1.925	2.126	2.616	2.793	2.52	2.754	2.209	2.154	2.059	2.34	2.416	2.211	2.205	2.151	2.378	2.307	2.548	1.871	2.799	2.487	2.218	1.78	2.075	2.561	2.649	2.366	2.41	2.427	2.478	2.298	2.45977	1159860.0	1506696.560129
sub-03_T1w	2.351	2.771	2.562	2.781	2.605	2.681	2.62	2.71	2.789	2.741	1.812	2.82	2.916	2.778	2.581	2.801	3.229	3.727	2.68	2.388	3.003	2.032	3.397	2.63	2.733	2.692	2.41	2.059	2.86	2.561	2.516	2.737	2.67	3.214	3.602	2.646	2.922	3.169	2.371	2.692	2.385	1.984	3.351	2.091	2.051	2.374	2.888	3.153	2.744	2.676	2.356	2.295	2.024	2.374	2.161	2.237	2.221	2.239	2.217	2.478	2.559	2.378	2.396	2.651	2.431	2.086	2.184	2.512	2.512	2.694	2.463	2.503	2.572	2.519	2.56295	1248661.0	1608840.227484
sub-04_T1w	2.505	2.419	2.316	2.735	2.501	2.783	2.75	2.679	3.037	2.524	1.882	2.914	3.048	2.791	2.549	2.737	2.752	3.524	2.568	2.404	3.025	2.103	3.056	2.662	2.899	2.8	2.541	2.593	2.856	2.601	2.558	2.387	2.562	3.153	3.32	3.035	3.022	3.049	2.321	2.414	2.627	2.108	3.326	2.175	2.066	2.413	3.16	2.898	2.707	3.179	2.084	2.304	2.205	2.298	2.483	2.389	2.207	2.267	2.429	2.386	2.675	2.118	2.242	2.677	2.494	1.618	2.314	2.438	2.342	2.215	2.416	2.574	2.634	2.443	2.57855	1167578.0	1476609.131961
sub-05_T1w	2.093	2.742	2.665	3.037	2.527	2.727	2.705	2.841	3.19	2.805	2.07	3.027	2.988	2.813	2.7	3.024	3.047	3.381	2.769	2.466	3.161	1.974	3.219	2.801	2.776	2.926	2.529	2.367	3.015	2.769	2.387	1.912	3.007	3.503	3.769	2.895	3.029	3.468	2.558	2.354	2.589	1.987	3.615	1.926	1.986	2.394	2.997	3.113	2.837	3.021	2.35	2.349	2.303	2.548	2.353	2.211	2.373	2.352	2.476	2.617	2.547	2.169	2.173	2.615	2.465	1.674	2.25	2.671	2.549	2.02	2.448	2.725	2.679	2.87	2.63279	1241545.0	1632502.076998
sub-07_T1w	2.404	2.55	2.426	2.822	2.593	2.774	2.852	2.564	2.883	2.897	2.01	3.136	2.846	2.767	2.717	2.874	3.343	3.541	2.761	2.41	2.95	2.256	3.149	2.671	2.847	2.731	2.517	2.324	2.967	2.546	2.558	2.124	2.765	3.264	3.25	2.631	3.058	3.392	2.511	2.771	2.564	1.956	3.098	2.1	2.121	2.3	3.0	2.669	2.571	2.687	2.334	2.377	2.373	2.301	2.365	2.28	2.386	2.279	2.594	2.702	2.555	2.069	2.469	2.519	2.39	2.196	2.307	2.631	2.598	2.276	2.487	2.51	2.582	2.405	2.60278	1223977.0	1571871.79983
sub-08_T1w	2.309	2.684	2.184	2.872	2.83	2.8	2.726	2.586	2.979	2.704	1.907	2.85	2.961	2.654	2.581	2.753	3.168	3.304	2.621	2.144	2.957	2.013	3.565	2.845	2.828	2.678	2.249	2.206	2.907	2.629	2.66	2.002	2.678	3.247	3.284	2.863	2.981	2.971	2.157	2.83	2.6	2.069	3.199	1.761	1.975	2.087	2.93	2.731	2.656	2.618	2.302	2.258	2.144	2.386	2.497	2.235	2.205	2.144	2.199	2.672	2.611	2.34	2.293	2.861	2.345	1.908	2.15	2.381	2.355	2.575	2.404	2.56	2.622	2.692	2.54265	1061280.0	1358020.078451
sub-09_T1w	2.412	2.946	2.47	3.016	2.549	2.771	2.575	2.629	2.72	2.909	2.155	2.828	2.857	2.796	2.683	2.828	3.177	3.22	2.949	2.747	3.067	2.319	3.468	2.644	2.892	2.771	2.673	2.446	2.921	2.503	2.509	2.331	2.852	3.611	3.571	2.959	3.067	3.143	2.397	2.397	2.728	2.33	3.769	2.149	2.118	2.317	2.858	2.884	2.64	2.656	2.639	2.362	2.218	2.344	2.323	2.451	2.541	2.663	2.49	2.719	2.886	2.216	2.345	2.795	2.518	2.192	2.321	2.539	2.462	2.504	2.471	2.668	2.609	3.106	2.66291	986071.0	1247254.685053
sub-100_T1w	2.367	2.488	2.136	2.756	2.501	2.9	2.755	2.659	2.944	2.824	2.028	2.912	2.927	2.738	2.612	2.842	3.383	3.693	2.565	2.279	2.852	2.259	3.188	2.652	2.519	2.794	2.184	2.258	2.849	2.456	2.582	2.637	2.652	3.059	3.417	2.541	2.983	3.181	2.264	2.269	2.542	1.971	3.101	2.155	2.022	2.313	2.98	3.046	2.724	2.872	2.311	2.366	2.344	2.406	1.951	2.094	2.125	2.16	2.461	2.481	2.505	2.11	2.299	2.851	2.174	1.898	2.295	2.569	2.331	2.401	2.275	2.419	2.496	2.386	2.54225	1087052.0	1408507.672066
sub-101_T1w	2.356	2.372	2.351	2.548	2.636	2.703	2.664	2.628	3.028	3.091	1.825	2.651	2.792	2.553	2.589	2.825	3.096	3.535	2.627	2.298	2.905	1.962	3.192	2.509	2.583	2.643	2.495	2.29	2.847	2.578	2.574	2.573	2.359	3.22	3.716	2.458	2.798	3.008	2.47	2.384	2.505	1.982	3.293	1.98	1.977	2.363	2.96	2.754	2.542	2.41	2.028	2.252	2.203	2.321	2.409	2.212	2.212	2.078	2.319	2.408	2.434	1.947	2.512	2.661	2.301	1.868	2.266	2.461	2.52	2.391	2.33	2.581	2.524	2.628	2.50027	1248051.0	1590127.329349
sub-102_T1w	2.144	2.457	2.35	2.882	2.455	2.688	2.765	2.649	2.906	2.691	1.803	2.723	2.81	2.717	2.554	2.692	3.113	3.469	2.686	2.371	2.752	2.032	3.165	2.519	2.752	2.931	2.614	2.238	2.816	2.704	2.259	2.872	2.491	3.098	3.667	2.87	3.015	3.147	2.027	2.441	2.384	2.08	3.178	1.996	2.079	2.445	2.58	3.015	2.457	3.007	2.122	2.049	2.055	2.354	2.253	2.319	2.24	2.266	2.351	2.962	2.535	2.268	2.14	2.508	2.358	2.182	2.343	2.418	2.244	2.244	2.539	2.54	2.545	2.74	2.542	1177257.0	1512891.138686
sub-103_T1w	2.631	2.623	2.319	2.409	2.501	2.694	2.474	2.58	2.837	2.642	2.273	2.679	2.751	2.381	2.31	2.51	2.981	3.12	2.564	2.306	3.083	2.427	3.026	2.407	2.826	2.557	2.267	2.116	2.524	2.492	2.693	2.197	2.496	2.914	3.077	2.422	2.643	2.785	1.864	2.359	2.623	2.319	2.771	2.1	2.162	2.196	3.079	2.852	2.58	2.651	2.195	2.14	2.059	2.153	2.679	2.153	2.215	2.281	2.274	2.282	2.411	1.969	2.171	2.674	2.393	1.536	2.102	2.3	2.396	2.748	2.513	2.275	2.452	2.12	2.44414	1237210.0	1780515.358643
sub-104_T1w	2.305	2.344	2.521	2.743	2.285	2.815	2.864	2.706	3.114	2.825	1.897	2.755	2.8	2.643	2.596	2.885	3.16	3.374	2.553	2.219	2.975	2.138	2.914	2.511	2.784	2.772	2.502	2.379	2.847	2.736	2.42	1.957	2.82	3.132	3.326	3.032	2.839	3.107	2.274	2.391	2.528	2.14	2.888	2.017	2.141	2.275	2.934	2.835	2.651	2.521	2.433	2.197	2.056	2.45	2.468	2.32	2.222	2.187	2.346	2.181	2.547	1.811	2.218	2.574	2.272	1.742	2.326	2.43	2.376	1.935	2.401	2.36	2.572	2.751	2.52279	1077467.0	1227543.045886
sub-105_T1w	2.402	2.332	2.306	2.617	2.574	2.613	2.648	2.619	2.79	2.641	1.723	2.756	2.655	2.465	2.439	2.646	3.295	3.638	2.721	2.113	2.908	1.953	3.225	2.737	2.754	2.63	2.402	2.151	2.642	2.438	2.582	2.499	2.442	3.074	3.14	2.674	3.088	3.198	2.42	2.358	2.648	1.865	3.01	1.82	1.826	2.215	2.936	2.992	2.534	2.766	2.232	1.954	2.212	2.192	2.295	2.013	2.07	2.108	2.218	2.555	2.329	1.838	2.146	2.436	2.366	1.694	2.096	2.274	2.265	1.678	2.305	2.427	2.461	2.314	2.4604	1219161.0	1481177.594909
sub-106_T1w	2.326	2.523	2.375	2.874	2.317	2.65	2.811	2.732	2.917	2.783	1.831	2.807	2.827	2.448	2.447	2.703	3.315	3.632	2.679	2.373	2.848	2.129	3.411	2.73	2.645	2.692	2.423	2.368	2.867	2.493	2.576	3.119	2.758	3.123	3.366	2.741	2.907	3.178	2.482	2.38	2.341	2.064	3.141	1.993	2.069	2.224	2.728	3.131	2.619	2.738	2.324	2.23	2.008	2.31	2.609	2.196	2.439	2.449	2.558	2.455	2.669	2.251	2.508	2.42	2.199	2.144	2.375	2.401	2.417	2.317	2.361	2.597	2.47	2.767	2.54786	1307269.0	1755435.775693
sub-107_T1w	2.49	2.598	2.148	3.034	2.664	2.911	2.652	2.513	2.981	2.893	2.026	2.914	2.864	2.747	2.764	2.847	3.347	3.805	2.793	2.24	2.949	2.161	3.107	2.801	2.798	2.92	2.588	2.688	2.051	2.608	2.516	2.734	3.145	3.381	3.362	2.788	2.997	3.242	2.473	3.149	2.604	2.179	3.405	2.156	2.221	2.341	2.898	3.094	2.686	2.62	2.401	2.445	2.313	2.504	2.309	2.233	2.195	2.211	2.4	2.32	2.589	2.253	2.474	2.813	2.286	1.666	2.367	2.698	1.94	2.428	2.29	2.56	2.595	2.513	2.62367	1132347.0	1531688.69094
sub-108_T1w	2.373	2.389	2.44	2.663	2.463	2.738	2.758	2.604	2.859	2.932	1.804	2.715	2.709	2.699	2.636	2.909	3.217	3.448	2.675	2.165	2.854	2.13	3.122	2.678	2.664	2.596	2.425	2.368	2.928	2.575	2.677	3.204	2.489	3.024	3.754	2.531	2.863	3.118	2.607	2.436	2.484	1.94	3.255	2.009	2.097	2.244	2.494	2.877	2.571	2.512	2.239	2.355	2.09	2.514	2.422	2.226	2.01	2.146	2.394	2.565	2.543	2.213	2.431	2.71	2.465	1.856	2.251	2.55	2.523	2.363	2.56	2.364	2.47	2.3	2.53396	1304962.0	1700354.460519
sub-109_T1w	2.286	2.653	2.34	2.753	2.392	2.591	2.425	2.454	2.808	2.595	2.049	2.822	3.062	2.733	2.539	2.748	3.332	3.713	2.774	2.32	2.968	2.209	3.067	2.723	2.66	2.636	2.422	2.244	2.783	2.582	2.624	2.292	2.632	3.195	3.431	2.564	3.004	3.292	2.467	2.283	2.393	2.216	3.375	2.065	2.045	2.307	2.92	2.917	2.649	2.797	2.208	2.355	2.226	2.422	2.209	2.269	2.14	2.384	2.351	2.667	2.452	2.255	2.556	2.491	2.303	1.991	2.177	2.378	2.366	2.335	2.277	2.532	2.578	2.216	2.54925	1336908.0	1858850.630764
sub-10_T1w	2.515	2.769	2.727	2.786	2.556	2.767	3.016	2.774	2.974	2.516	2.043	3.032	2.994	2.73	2.694	3.047	3.133	3.21	2.833	2.389	2.98	2.347	3.248	2.656	3.032	3.009	2.596	2.592	3.198	2.708	2.636	1.822	2.868	3.37	3.766	2.797	2.906	3.19	2.774	2.324	2.793	2.05	3.187	2.102	2.02	2.38	2.986	3.04	2.71	3.062	2.376	2.235	2.191	2.567	3.782	2.341	2.482	2.422	2.447	2.724	2.717	2.225	2.28	2.66	2.642	1.781	2.472	2.753	2.787	2.291	2.496	2.458	2.63	2.391	2.67913	1157077.0	1467859.151147
sub-110_T1w	2.305	2.325	2.477	2.951	2.523	2.806	2.803	2.724	3.236	3.227	2.068	2.861	2.897	2.756	2.666	2.93	3.41	3.657	2.632	2.318	2.885	2.379	3.404	2.719	2.719	2.791	2.489	2.409	3.048	2.62	2.645	1.975	2.583	3.143	3.596	2.808	2.943	3.101	2.414	2.336	2.568	2.139	3.244	2.115	2.209	2.427	2.694	2.799	2.774	2.772	2.238	2.429	2.324	2.585	2.314	2.303	1.998	2.243	2.246	2.389	2.621	2.191	2.289	2.698	2.439	2.131	2.251	2.607	2.378	2.38	2.472	2.453	2.521	2.312	2.61204	1302771.0	1484491.821023
sub-111_T1w	2.377	2.429	2.352	2.744	2.567	2.826	2.522	2.516	2.87	2.765	1.761	2.697	2.759	2.623	2.587	2.697	3.189	3.553	2.513	2.219	2.948	2.193	3.222	2.512	2.507	2.782	2.227	2.171	2.87	2.392	2.529	2.935	2.697	2.946	3.443	2.609	2.87	3.037	2.332	2.634	2.636	2.042	3.246	2.104	2.008	2.145	2.595	2.936	2.781	2.758	2.08	2.161	2.17	2.366	2.022	2.041	1.958	1.954	2.338	2.299	2.489	2.127	2.433	2.659	2.061	2.023	2.082	2.51	2.479	2.451	2.113	2.3	2.305	2.172	2.46641	1032564.0	1383976.377949
sub-112_T1w	2.491	2.874	2.466	2.746	2.599	2.682	2.652	2.61	2.978	2.725	2.017	2.854	2.849	2.587	2.5	2.77	2.922	3.61	2.725	2.354	3.02	2.198	3.421	2.777	2.6	2.832	2.343	2.318	2.829	2.588	2.504	2.258	2.621	3.33	3.664	2.666	3.149	2.95	2.787	2.276	2.429	2.21	3.286	2.09	2.057	2.15	2.994	2.864	2.736	2.775	2.527	2.176	2.235	2.361	3.345	2.236	2.344	2.17	2.205	2.57	2.617	2.108	2.546	2.764	2.222	2.262	2.243	2.458	2.493	2.258	2.201	2.666	2.465	2.28	2.56174	1115651.0	1407248.674373
sub-113_T1w	2.215	2.616	2.354	2.6	2.376	2.647	2.424	2.472	3.069	2.848	2.031	2.749	2.762	2.501	2.547	2.719	2.735	3.373	2.723	2.358	2.814	2.175	3.078	2.813	2.611	2.655	2.333	2.327	2.937	2.555	2.654	1.774	2.554	2.92	3.081	2.629	2.97	3.162	2.13	2.256	2.331	2.157	3.268	2.095	2.051	2.217	2.905	2.553	2.662	2.619	2.254	2.415	2.29	2.447	2.622	2.153	2.185	2.172	2.394	2.464	2.541	2.103	2.549	2.534	2.332	1.819	2.166	2.494	2.427	2.321	2.28	2.61	2.509	2.38	2.5142	1197914.0	1650164.838429
sub-114_T1w	2.419	2.533	2.396	2.868	2.741	2.86	2.729	2.735	3.087	2.23	1.969	2.72	3.095	2.562	2.526	2.828	3.135	3.631	2.566	2.464	3.108	2.226	2.9	2.876	2.631	2.885	2.367	2.364	2.976	2.718	2.429	2.656	3.041	3.445	3.859	2.78	3.089	3.122	2.25	2.256	2.564	2.303	3.382	2.183	1.966	2.38	3.177	3.173	2.796	2.882	2.187	2.282	2.333	2.413	2.145	2.06	2.157	2.121	2.505	2.626	2.53	2.15	2.446	2.725	2.431	1.754	2.191	2.414	2.407	2.301	2.375	2.534	2.487	2.877	2.59277	1182110.0	1508985.043433
sub-115_T1w	2.277	2.422	2.288	2.567	2.54	2.784	2.783	2.6	2.979	2.381	1.967	2.804	2.97	2.535	2.561	2.686	3.165	3.62	2.634	2.305	2.818	2.228	3.401	2.683	2.577	2.754	2.323	2.12	2.707	2.477	2.586	1.905	2.519	3.083	3.68	2.477	2.693	3.035	2.495	2.306	2.609	2.039	3.229	2.173	1.908	2.159	2.825	2.998	2.59	2.559	2.073	2.316	2.139	2.382	2.337	2.189	2.085	2.289	2.183	2.476	2.612	2.282	2.314	2.481	2.353	2.011	2.102	2.535	2.464	2.473	2.258	2.377	2.498	2.716	2.49698	1081631.0	1413250.02207
sub-116_T1w	2.321	2.656	2.557	2.649	2.353	2.564	2.581	2.363	2.729	3.097	1.894	2.66	2.752	2.733	2.633	2.718	3.314	3.453	2.629	2.439	2.755	2.087	3.117	2.631	2.622	2.677	2.353	2.219	2.704	2.53	2.237	1.906	2.543	2.863	3.207	2.507	2.827	3.007	2.184	2.248	2.505	2.186	3.027	2.128	2.071	2.036	3.021	3.123	2.595	2.651	2.051	2.289	2.145	2.308	1.852	2.144	1.963	2.261	2.156	2.238	2.516	2.223	2.451	2.437	2.289	1.647	2.15	2.407	2.332	2.102	2.177	2.247	2.452	2.64	2.47588	1033088.0	1390660.727667
sub-117_T1w	2.543	2.382	2.324	2.732	2.484	2.611	2.731	2.542	2.792	2.912	1.892	2.606	2.639	2.496	2.557	2.585	3.087	3.46	2.496	2.168	2.759	2.209	2.942	2.692	2.427	2.533	2.182	2.1	2.627	2.488	2.478	2.678	2.311	2.95	3.233	2.488	2.68	2.792	2.417	2.402	2.425	2.125	2.915	1.927	2.014	2.144	2.904	2.996	2.586	2.593	1.974	2.182	2.245	2.288	2.275	2.04	2.072	2.021	2.204	2.324	2.571	2.574	2.335	2.703	2.409	1.982	2.081	2.392	2.312	2.486	2.232	2.427	2.402	2.399	2.43256	1040009.0	1379521.879508
sub-118_T1w	2.447	2.557	2.501	2.494	2.502	2.74	2.655	2.564	2.91	2.787	1.936	2.783	2.656	2.48	2.496	2.813	3.023	3.437	2.604	2.299	2.889	2.077	3.131	2.661	2.682	2.621	2.405	2.235	2.826	2.546	2.622	2.45	2.66	3.02	3.488	2.724	2.988	3.104	2.163	2.414	2.484	2.04	3.103	2.057	2.199	2.327	2.978	2.841	2.705	2.765	2.165	2.287	2.169	2.401	2.238	2.281	2.195	2.271	2.38	2.543	2.617	2.304	2.413	2.547	2.345	1.744	2.194	2.457	2.593	2.471	2.327	2.575	2.517	2.495	2.53561	1180884.0	1509446.112053
sub-119_T1w	2.389	2.44	2.427	2.832	2.79	3.041	2.981	2.837	3.009	3.031	2.431	2.726	2.94	2.894	2.736	2.942	3.295	3.639	2.671	2.558	2.973	2.345	3.204	2.736	2.565	2.999	2.425	2.44	2.883	2.812	2.707	2.568	2.851	3.515	3.627	2.993	3.07	3.208	2.814	2.343	2.399	1.96	3.458	2.146	2.133	2.473	2.991	3.088	2.718	2.713	2.37	2.438	2.243	2.38	2.245	2.229	2.256	2.314	2.592	2.414	2.742	2.039	2.404	2.818	2.371	2.165	2.306	2.498	2.372	2.599	2.354	2.524	2.594	2.833	2.64869	1067793.0	1325809.514041
sub-11_T1w	2.153	2.498	2.28	2.632	2.533	2.842	2.732	2.584	3.131	2.427	1.859	2.79	2.865	2.659	2.521	2.842	3.291	3.456	2.44	2.096	2.885	2.128	3.221	2.562	2.644	2.803	2.482	2.167	2.798	2.452	2.249	2.011	2.642	3.37	3.376	2.776	2.737	3.086	2.357	2.577	2.521	1.896	3.258	1.927	1.928	2.426	2.75	2.964	2.574	2.405	2.117	2.263	2.392	2.447	2.311	2.152	2.05	1.951	2.337	2.364	2.518	1.841	2.131	2.534	2.256	1.59	2.153	2.281	2.386	2.358	2.381	2.407	2.527	2.754	2.49891	1251091.0	1701729.530821
sub-120_T1w	2.316	2.176	2.132	2.653	2.409	2.54	2.662	2.575	2.781	2.962	1.745	2.697	2.662	2.288	2.538	2.644	3.033	3.132	2.419	2.065	2.632	2.109	2.79	2.377	2.514	2.573	2.217	2.082	2.776	2.29	2.439	2.445	2.453	2.761	3.247	2.524	2.566	2.679	2.07	2.336	2.558	1.912	2.634	2.08	2.068	2.065	2.577	2.626	2.625	2.138	1.964	2.337	2.151	2.33	1.985	2.174	2.052	2.048	2.243	2.225	2.415	1.9	2.318	2.535	2.271	1.86	2.167	2.372	2.278	2.528	2.307	2.251	2.464	2.711	2.38499	1311964.0	1716375.29938
sub-121_T1w	2.561	2.785	2.491	3.134	2.829	2.886	3.033	2.645	3.354	3.129	2.123	3.16	3.37	2.961	2.746	3.015	3.318	3.783	2.955	2.492	3.093	2.345	3.374	2.948	2.794	2.862	2.606	2.544	3.07	2.767	2.709	2.595	3.239	3.558	4.088	3.232	3.25	3.495	2.982	2.425	2.367	2.353	3.351	2.153	2.221	2.28	2.995	3.32	3.017	3.045	2.146	2.409	2.352	2.508	2.527	2.359	2.773	2.308	2.709	2.634	2.681	2.433	2.362	3.058	2.269	2.491	2.334	2.516	2.397	2.515	2.395	2.866	2.802	2.879	2.76366	1138891.0	1448685.827208
sub-122_T1w	2.326	2.431	2.526	2.884	2.548	2.746	2.888	2.632	2.784	2.334	1.986	2.845	2.85	2.62	2.749	2.949	3.22	3.634	2.638	2.425	2.923	2.2	3.055	2.621	2.824	2.761	2.482	2.136	3.098	2.557	2.496	2.285	2.741	3.014	3.528	2.646	2.953	3.242	2.229	2.509	2.597	2.145	3.399	2.141	2.241	2.325	2.747	2.815	2.643	2.771	2.262	2.339	2.314	2.487	2.427	2.215	2.22	2.327	2.478	2.543	2.567	2.181	2.433	2.561	2.311	1.631	2.219	2.528	2.284	2.422	2.395	2.532	2.492	2.688	2.56792	1187257.0	1578900.300589
sub-123_T1w	2.505	2.508	2.304	2.775	2.549	2.829	2.706	2.536	3.085	2.696	2.003	2.857	2.748	2.78	2.671	2.835	2.772	3.428	2.569	2.409	2.819	2.149	3.398	2.782	2.716	2.859	2.466	2.219	2.915	2.602	2.724	1.778	2.847	3.396	3.738	2.732	2.972	3.057	2.555	2.331	2.526	2.093	3.314	2.195	2.097	2.226	2.924	2.87	2.704	2.579	2.194	2.253	2.18	2.434	2.404	2.211	2.003	2.161	2.279	2.287	2.407	1.896	2.379	2.801	2.451	1.954	2.223	2.531	2.398	2.898	2.582	2.563	2.546	2.813	2.57806	1111571.0	1489965.017828
sub-124_T1w	2.305	2.384	2.282	2.698	2.514	2.612	2.626	2.617	2.95	2.881	1.791	2.866	2.947	2.526	2.565	2.796	3.218	3.35	2.533	2.43	2.914	2.133	3.139	2.724	2.667	2.673	2.354	2.155	3.018	2.548	2.55	2.964	2.422	2.864	3.431	2.501	2.859	3.033	2.464	2.541	2.277	2.079	3.247	2.046	2.119	2.267	3.08	2.782	2.723	2.68	2.168	2.164	2.147	2.54	2.188	2.249	2.076	2.256	2.171	2.56	2.555	1.961	2.456	2.545	2.361	1.929	2.16	2.333	2.493	2.202	2.346	2.458	2.555	2.267	2.52448	1255039.0	1684546.235162
sub-125_T1w	2.375	2.638	2.456	2.749	2.597	2.721	2.603	2.437	2.846	2.639	1.913	2.838	2.935	2.668	2.518	2.663	2.783	3.423	2.462	2.419	2.952	2.181	3.275	2.669	2.624	2.691	2.369	2.203	2.823	2.522	2.705	1.799	2.608	3.195	3.397	2.545	2.877	3.082	2.096	2.469	2.457	1.979	3.313	2.05	1.982	2.169	2.914	2.773	2.608	2.636	2.48	2.266	2.155	2.245	2.161	2.149	2.163	2.061	2.274	2.44	2.77	2.132	2.561	2.38	2.307	2.03	2.061	2.404	2.46	2.366	2.199	2.547	2.5	2.116	2.49753	1200329.0	1624390.136827
sub-126_T1w	2.145	2.308	2.264	2.566	2.249	2.651	2.697	2.562	2.693	2.651	1.93	2.695	2.697	2.563	2.573	2.726	3.112	3.444	2.545	2.2	2.929	2.136	2.968	2.63	2.592	2.751	2.338	2.314	2.908	2.481	2.484	3.341	2.295	3.052	3.133	2.603	2.848	3.134	2.122	2.114	2.546	1.894	3.147	2.05	2.01	2.237	2.88	2.861	2.619	2.67	1.98	2.221	2.037	2.366	2.79	2.134	2.035	2.095	2.412	2.682	2.5	2.153	2.378	2.487	2.236	1.653	2.259	2.424	2.252	2.161	2.231	2.555	2.49	2.253	2.49112	1100126.0	1413479.218166
sub-127_T1w	2.258	2.605	2.419	2.677	2.679	2.824	2.719	2.61	3.145	3.015	1.982	2.685	2.694	2.628	2.534	2.791	3.38	3.817	2.683	2.321	2.954	2.071	3.031	2.724	2.657	2.764	2.436	2.156	2.722	2.63	2.604	3.142	2.834	3.031	3.636	2.665	2.945	3.229	2.133	2.413	2.498	2.247	3.372	1.956	1.921	2.23	2.766	2.947	2.638	2.672	2.168	2.306	2.252	2.417	2.06	2.179	2.064	2.112	2.404	2.629	2.425	2.045	2.609	2.867	2.27	2.001	2.135	2.437	2.411	2.496	2.338	2.631	2.454	2.656	2.54627	1181079.0	1587883.270556
sub-128_T1w	2.495	2.498	2.166	2.648	2.511	2.803	2.534	2.461	2.754	2.808	1.889	2.773	2.828	2.748	2.557	2.847	2.863	3.433	2.538	2.288	2.984	2.028	3.042	2.655	2.676	2.51	2.245	2.192	2.725	2.363	2.603	2.54	2.663	3.074	3.272	2.401	2.898	3.077	2.206	2.173	2.543	2.01	3.159	2.035	1.943	2.184	2.808	2.776	2.57	2.802	2.092	2.351	2.224	2.338	2.195	2.063	1.88	2.233	2.176	2.59	2.531	1.924	2.373	2.798	2.146	1.791	2.187	2.487	2.356	2.577	2.285	2.695	2.509	2.704	2.48872	1088012.0	1417913.928254
sub-129_T1w	2.423	2.595	2.361	3.102	2.684	2.942	3.055	2.745	3.208	2.427	2.153	2.889	3.135	2.634	2.646	2.971	2.929	3.64	2.997	2.687	3.17	2.049	3.122	2.895	3.012	3.08	2.589	2.22	2.758	2.692	2.719	2.267	2.355	3.1	3.487	2.753	3.109	3.247	2.88	2.203	2.541	1.996	3.293	2.187	2.063	2.578	3.129	2.975	2.838	2.991	2.342	2.297	2.26	2.603	2.222	2.401	2.423	2.425	2.549	2.471	2.697	2.281	2.584	2.745	2.563	1.985	2.31	2.714	2.494	2.656	2.514	2.84	2.742	2.38	2.6686	1161799.0	1455690.642016
sub-130_T1w	2.261	2.327	2.417	2.416	2.45	2.613	2.602	2.403	2.461	2.753	2.043	2.754	2.744	2.407	2.547	2.76	2.766	3.318	2.584	2.287	2.727	1.987	3.179	2.54	2.676	2.572	2.388	2.127	2.864	2.475	2.438	1.939	2.578	2.862	3.328	2.551	2.799	2.88	1.976	2.178	2.322	2.082	2.902	1.931	1.949	2.158	2.652	2.811	2.357	2.556	1.955	2.16	2.088	2.369	2.466	2.179	2.06	2.192	2.203	2.28	2.388	2.079	2.596	2.373	2.29	1.781	2.193	2.406	2.359	2.228	2.315	2.426	2.377	2.056	2.43301	1289544.0	1732718.177745
sub-131_T1w	2.639	2.305	2.228	2.677	2.563	2.851	2.853	2.631	2.918	2.82	1.848	2.602	2.76	2.496	2.413	2.808	3.484	3.311	2.419	2.398	2.901	2.132	3.418	2.674	2.537	2.688	2.243	2.025	2.723	2.485	2.754	2.239	2.517	3.004	3.867	2.59	2.767	3.073	2.1	2.626	2.637	2.028	3.297	1.877	1.926	2.233	2.707	2.895	2.674	2.6	2.074	2.367	2.264	2.403	2.185	2.027	1.932	2.144	2.11	2.292	2.493	2.07	2.382	2.536	2.241	2.201	2.041	2.497	2.387	2.558	2.348	2.464	2.355	2.338	2.49109	1154053.0	1507866.854803
sub-132_T1w	2.464	2.315	2.535	2.759	2.57	2.813	2.623	2.678	3.067	3.104	2.013	2.762	2.799	2.757	2.609	2.839	3.311	3.694	2.664	2.261	2.917	2.283	3.652	2.662	2.661	2.957	2.545	2.348	3.033	2.684	2.531	2.976	2.67	3.31	3.589	2.912	3.006	3.429	2.276	2.217	2.542	2.1	3.556	2.209	2.283	2.396	2.783	2.837	2.684	2.732	2.044	2.392	2.335	2.358	2.204	2.174	2.161	2.199	2.409	2.291	2.543	2.163	2.211	2.569	2.308	2.268	2.491	2.631	2.595	2.249	2.279	2.426	2.562	2.44	2.62286	1122352.0	1486808.389252
sub-133_T1w	2.429	2.455	2.483	2.908	2.515	2.815	2.605	2.63	2.984	3.015	1.87	2.973	3.067	2.855	2.68	2.783	3.124	3.557	2.621	2.192	2.854	2.136	3.126	2.7	2.653	2.698	2.323	2.257	2.849	2.611	2.568	2.127	2.624	3.251	3.763	2.708	2.983	3.042	2.396	2.458	2.474	1.957	3.351	2.07	2.04	2.326	3.06	2.917	2.706	3.078	2.268	2.458	2.346	2.487	2.247	2.186	2.067	2.444	2.292	2.442	2.548	2.447	2.478	2.784	2.618	2.019	2.175	2.494	2.375	2.413	2.38	2.457	2.563	2.73	2.56587	1272307.0	1655249.161679
sub-134_T1w	2.346	2.558	2.301	2.706	2.482	2.634	2.655	2.545	2.725	2.726	1.992	2.917	2.828	2.561	2.569	2.693	2.918	3.361	2.586	2.298	2.852	2.077	3.331	2.592	2.718	2.786	2.316	2.181	2.72	2.451	2.581	2.358	2.761	3.219	3.639	2.771	2.984	3.164	2.368	2.589	2.356	2.169	3.401	2.093	1.97	2.366	2.988	2.992	2.527	2.539	2.001	2.184	2.143	2.285	2.119	2.104	2.057	2.111	2.455	2.547	2.579	2.277	2.45	2.449	2.356	2.141	2.206	2.349	2.161	2.226	2.225	2.491	2.628	2.453	2.51594	1112347.0	1425625.084638
sub-135_T1w	2.568	2.492	2.388	2.658	2.721	2.773	2.58	2.576	2.878	2.098	1.593	2.664	2.79	2.742	2.623	2.78	2.991	3.451	2.722	2.352	2.721	1.852	2.725	2.933	2.51	2.525	2.37	2.35	2.734	2.585	2.592	2.821	2.257	3.063	3.227	2.487	3.009	3.063	2.079	2.271	2.361	1.87	3.311	1.941	1.986	2.282	2.818	2.877	2.669	2.771	2.055	2.252	2.286	2.377	2.082	2.098	2.107	2.059	2.305	2.7	2.224	2.261	2.359	2.753	2.129	1.849	2.126	2.433	2.345	2.325	2.49	2.645	2.576	2.339	2.5237	1215097.0	1538819.858118
sub-136_T1w	2.541	2.567	2.512	2.745	2.745	2.843	2.855	2.571	2.799	2.731	1.93	2.798	2.996	2.865	2.646	2.885	3.027	3.388	2.712	2.672	2.755	2.073	3.35	2.741	2.54	2.683	2.429	2.307	2.868	2.728	2.88	2.723	2.474	3.209	3.477	2.779	2.843	3.225	2.226	2.291	2.45	2.119	3.541	2.103	2.069	2.187	2.891	2.914	2.69	2.817	2.244	2.342	2.297	2.503	2.612	2.21	2.183	2.268	2.569	2.568	2.54	2.461	2.439	2.747	2.35	1.919	2.182	2.547	2.41	2.695	2.428	2.615	2.567	2.627	2.58561	1099418.0	1403185.563434
sub-137_T1w	2.675	2.628	2.624	2.908	2.701	2.791	2.71	2.683	2.869	2.906	1.795	3.106	3.358	2.883	2.965	2.976	3.21	3.863	2.92	2.235	3.041	1.929	3.302	3.065	2.83	2.953	2.525	2.611	3.136	2.741	2.75	2.769	2.959	3.5	4.067	3.036	3.295	3.09	2.727	2.456	2.497	2.135	3.553	2.078	2.09	2.229	3.03	2.954	2.686	3.055	2.415	2.447	2.282	2.546	2.185	2.315	2.413	2.523	2.659	2.606	2.438	2.332	2.503	2.894	2.176	1.893	2.341	2.653	2.617	2.491	2.387	2.641	2.674	3.034	2.70353	1153554.0	1517800.842741
sub-138_T1w	2.487	2.424	2.421	2.649	2.555	2.673	2.682	2.517	2.82	2.79	2.172	2.759	2.844	2.673	2.55	2.789	3.122	3.481	2.583	2.24	2.94	2.308	2.996	2.679	2.695	2.577	2.374	2.338	2.879	2.469	2.754	2.667	2.48	2.89	3.141	2.591	2.797	2.94	2.31	2.426	2.357	2.124	3.016	2.147	2.044	2.294	2.85	2.92	2.48	2.88	2.1	2.348	2.236	2.457	2.286	2.243	2.108	2.241	2.367	2.476	2.45	2.217	2.475	2.772	2.301	2.016	2.238	2.483	2.497	2.368	2.21	2.428	2.474	2.308	2.52177	1096421.0	1403759.902505
sub-139_T1w	2.588	2.811	2.472	2.97	2.739	2.909	2.786	2.626	3.21	2.857	1.97	3.12	2.883	2.964	2.891	3.07	2.828	3.376	2.801	2.562	3.077	2.116	3.201	2.786	2.815	2.815	2.46	2.481	3.157	2.573	2.714	2.953	2.721	3.457	3.425	2.779	2.941	3.295	2.396	2.484	2.619	2.154	3.151	1.948	2.131	2.122	3.087	2.882	2.726	2.534	2.198	2.523	2.455	2.627	2.273	2.193	2.099	2.256	2.301	2.463	2.623	2.326	2.457	2.752	2.196	2.293	2.216	2.644	2.48	2.567	2.368	2.526	2.592	2.718	2.6447	1213003.0	1583990.408806
sub-13_T1w	2.33	2.794	2.472	2.491	2.701	2.641	2.58	2.554	3.04	2.872	1.881	2.903	2.913	2.854	2.688	2.874	2.935	3.285	2.615	2.44	3.097	1.996	3.343	2.654	2.993	2.708	2.735	2.31	2.999	2.691	2.644	2.388	2.777	3.293	3.227	2.67	3.205	3.397	2.21	2.389	2.356	2.137	3.295	1.948	2.044	2.35	2.437	2.715	2.548	2.694	2.342	2.234	2.072	2.448	3.143	2.338	2.301	2.194	2.411	2.782	2.742	2.403	2.249	2.56	2.458	1.798	2.251	2.532	2.755	2.335	2.477	2.719	2.6	2.478	2.59091	1071905.0	1417512.115888
sub-140_T1w	2.442	2.614	2.596	2.781	2.551	2.764	2.868	2.612	3.055	2.633	1.916	2.878	2.846	2.75	2.719	2.771	2.976	3.25	2.779	2.33	2.886	2.101	3.485	2.839	2.849	2.831	2.34	2.468	2.97	2.518	2.584	2.375	2.771	3.305	3.423	2.515	2.964	2.942	2.25	2.276	2.324	2.215	3.42	2.054	2.108	2.305	2.787	2.75	2.521	2.639	2.22	2.283	2.151	2.573	2.405	2.194	2.022	2.171	2.493	2.382	2.544	2.263	2.633	2.793	2.322	1.687	2.188	2.395	2.397	2.166	2.181	2.41	2.529	2.48	2.57003	1107778.0	1531295.289448
sub-141_T1w	2.357	2.623	2.369	2.875	2.618	2.669	2.656	2.504	2.999	2.875	1.887	2.838	2.673	2.822	2.492	2.83	3.243	3.99	2.607	2.221	2.801	2.144	3.492	2.714	2.591	2.84	2.33	2.284	2.947	2.622	2.871	1.636	2.679	3.313	3.423	2.635	3.257	3.188	2.058	2.367	2.327	2.1	3.513	2.027	2.047	2.267	2.72	2.715	2.693	2.702	2.146	2.316	2.126	2.385	2.351	2.092	2.113	2.16	2.316	2.449	2.644	1.982	2.452	2.729	2.177	1.935	2.186	2.539	2.365	2.308	2.408	2.696	2.493	2.665	2.53384	1171550.0	1590199.279866
sub-142_T1w	2.296	2.527	2.346	2.802	2.618	2.859	2.701	2.598	2.736	2.744	2.058	2.802	2.936	2.458	2.651	2.717	2.896	3.501	2.52	2.085	2.638	2.168	3.434	2.697	2.645	2.747	2.16	2.025	2.847	2.427	2.548	2.863	2.546	3.228	3.338	2.325	2.934	2.993	2.106	2.274	2.404	2.059	3.274	2.096	2.064	2.262	2.768	2.898	2.591	2.621	2.007	2.326	2.092	2.409	2.61	2.045	2.083	2.126	2.258	2.558	2.47	2.336	2.155	2.696	2.331	1.846	2.119	2.56	2.273	2.357	2.199	2.582	2.45	2.148	2.50227	1121080.0	1453360.468156
sub-143_T1w	2.322	2.508	2.39	2.668	2.434	2.78	2.806	2.661	2.972	2.954	2.113	2.767	2.719	2.675	2.671	2.768	3.054	3.722	2.666	2.438	2.834	2.264	3.094	2.708	2.609	2.641	2.296	2.261	2.809	2.547	2.771	2.619	2.522	3.025	3.545	2.616	2.809	3.243	2.74	2.396	2.493	2.042	3.325	2.141	2.013	2.319	3.03	2.928	2.738	2.909	2.089	2.296	2.193	2.313	2.303	2.166	2.205	2.309	2.504	2.605	2.517	2.277	2.483	2.517	2.286	1.911	2.188	2.467	2.385	2.306	2.261	2.569	2.588	2.39	2.55436	1007243.0	1329301.011733
sub-144_T1w	2.376	2.339	2.252	2.804	2.548	2.593	2.744	2.562	2.901	2.853	1.838	2.791	2.984	2.572	2.527	2.674	2.944	3.34	2.476	2.151	2.921	2.032	3.369	2.753	2.41	2.641	2.155	2.241	2.747	2.388	2.757	2.769	2.634	3.109	3.362	2.61	3.029	3.057	2.17	2.365	2.422	2.006	3.567	2.084	1.987	2.245	2.801	2.802	2.588	2.858	2.31	2.26	2.217	2.424	2.156	2.078	2.157	2.145	2.432	2.513	2.541	2.061	2.517	2.601	2.237	2.304	2.266	2.415	2.461	2.116	2.285	2.568	2.478	2.614	2.4867	1139127.0	1470135.830215
sub-145_T1w	2.293	2.439	2.245	2.882	2.532	2.728	2.67	2.609	3.006	3.14	1.795	2.7	2.64	2.541	2.526	2.719	3.113	3.435	2.563	2.283	2.852	1.953	3.193	2.568	2.486	2.6	2.226	2.291	2.72	2.443	2.409	2.088	2.734	3.108	3.342	2.663	2.742	2.861	2.198	2.354	2.43	1.957	3.312	1.988	2.03	2.069	2.725	2.852	2.583	2.534	2.132	2.286	2.179	2.491	2.06	2.074	2.122	2.24	2.315	2.279	2.384	2.015	2.345	2.573	2.165	2.038	2.153	2.465	2.44	2.375	2.197	2.304	2.379	2.539	2.45241	974641.0	1284391.004998
sub-146_T1w	2.411	2.521	2.404	2.665	2.516	2.822	2.872	2.629	2.998	3.04	2.007	3.043	2.881	2.672	2.605	2.832	3.196	3.867	2.858	2.6	2.937	2.075	3.161	2.837	2.831	2.832	2.477	2.345	2.833	2.627	2.792	2.566	2.922	3.273	3.368	2.779	2.917	3.334	2.404	2.118	2.581	2.252	3.424	2.011	1.927	2.263	2.831	3.199	2.771	2.929	2.467	2.273	2.171	2.367	2.425	2.216	2.498	2.468	2.435	2.652	2.627	1.968	2.601	2.868	2.488	1.873	2.197	2.553	2.381	2.336	2.367	2.598	2.598	2.627	2.60605	1255852.0	1657808.051614
sub-14_T1w	2.386	2.668	2.257	2.827	2.556	2.878	2.643	2.69	3.1	2.825	1.835	2.909	2.728	2.731	2.675	2.839	3.485	3.292	2.691	2.606	3.026	2.003	2.889	2.581	2.787	2.942	2.403	2.058	2.862	2.66	2.381	2.547	2.752	3.541	3.417	2.96	3.279	3.256	2.484	2.558	2.579	1.674	3.388	2.08	2.022	2.327	2.9	2.943	2.569	3.25	2.222	2.231	2.296	2.256	2.282	2.293	2.325	2.262	2.637	2.728	2.663	2.14	2.286	2.961	2.573	1.724	2.075	2.416	2.465	2.611	2.385	2.704	2.84	3.073	2.60466	1185018.0	1474196.002583
sub-15_T1w	2.404	2.467	2.303	3.172	2.763	2.866	2.775	2.818	3.265	2.585	1.697	2.969	3.173	3.063	2.792	3.077	2.956	3.436	2.657	2.58	2.95	1.972	3.424	2.637	2.919	2.984	2.51	2.327	2.999	2.714	2.41	3.099	2.585	3.505	3.453	2.899	3.117	3.313	2.533	2.244	2.573	1.785	3.401	2.031	2.136	2.294	2.825	3.029	2.678	2.817	2.016	2.347	2.327	2.531	2.718	2.295	2.162	2.3	2.527	2.467	2.751	2.31	2.384	2.62	2.519	1.721	2.358	2.576	2.427	2.275	2.516	2.729	2.742	2.69	2.64325	1117044.0	1441656.27393
sub-16_T1w	2.324	2.331	2.543	2.871	2.489	2.626	2.498	2.445	3.049	2.935	1.934	2.929	3.187	2.845	2.67	2.779	3.23	3.646	2.719	2.143	3.051	2.021	2.971	2.879	2.862	2.775	2.347	2.306	2.955	2.682	2.512	2.846	2.927	3.445	3.587	2.939	3.052	3.302	2.154	2.254	2.653	1.873	3.207	1.918	2.168	2.288	2.78	2.801	2.546	2.513	1.935	2.157	2.02	2.316	2.415	2.178	2.046	2.038	2.417	2.603	2.63	2.208	2.158	2.617	2.269	1.694	2.229	2.439	2.236	2.293	2.524	2.467	2.601	2.558	2.5483	1312838.0	1708974.659648
sub-17_T1w	2.17	2.619	2.319	2.996	2.621	2.678	2.631	2.807	2.972	2.974	2.053	2.986	2.938	2.882	2.616	2.706	3.225	3.65	2.619	2.333	2.886	2.371	3.318	2.623	2.812	2.816	2.31	2.389	3.074	2.737	2.669	2.841	2.74	3.257	3.849	2.753	2.911	3.045	2.254	2.854	2.713	2.003	3.088	2.311	2.118	2.328	2.669	2.952	2.654	2.422	2.286	2.217	2.123	2.335	3.059	2.318	2.2	2.256	2.527	2.7	2.609	2.159	2.266	2.592	2.48	1.738	2.352	2.541	2.341	2.194	2.429	2.743	2.614	2.532	2.60331	1323490.0	1764828.35273
sub-18_T1w	2.37	2.57	2.087	3.04	2.539	2.845	2.621	2.462	2.879	2.848	1.934	2.896	3.006	2.602	2.442	2.838	2.967	3.725	2.634	2.106	2.887	2.134	2.725	2.843	2.559	2.689	2.203	1.914	2.598	2.426	2.615	2.364	2.707	2.968	3.471	2.499	2.815	3.162	2.055	2.342	2.38	1.923	2.927	2.053	1.954	2.301	3.022	2.866	2.739	2.452	2.025	2.278	2.264	2.415	2.145	2.195	2.147	2.088	2.442	2.411	2.373	2.122	2.214	3.083	2.268	1.569	2.003	2.486	2.16	2.858	2.368	2.454	2.532	2.667	2.48395	1190064.0	1620445.784677
sub-19_T1w	2.419	2.404	2.282	2.654	2.683	2.561	2.555	2.531	2.816	2.737	1.689	2.824	2.813	2.558	2.434	2.67	2.95	3.123	2.64	2.044	2.875	2.026	3.019	2.811	2.598	2.712	2.355	2.219	2.52	2.511	2.452	2.233	2.567	3.201	3.137	2.534	2.785	2.99	2.289	2.653	2.431	1.885	3.063	1.928	2.033	2.055	2.723	2.95	2.484	2.602	2.13	2.179	1.988	2.307	2.708	2.138	2.177	2.116	2.31	2.602	2.567	2.29	2.211	2.446	2.119	2.501	2.268	2.419	2.219	2.04	2.269	2.641	2.533	2.111	2.46139	1089338.0	1358448.600449
sub-20_T1w	2.457	2.367	2.431	3.046	2.495	2.688	2.612	2.714	2.812	2.652	1.956	2.877	2.38	2.676	2.715	2.889	2.762	3.178	2.29	2.001	2.707	2.184	3.071	2.576	2.416	2.902	2.489	2.385	2.758	2.693	2.102	2.572	2.194	2.99	3.071	2.854	2.603	2.818	2.005	2.789	2.793	1.7	3.0	2.212	2.287	2.179	2.845	2.591	2.939	2.767	2.17	2.606	2.339	2.605	2.471	2.461	2.035	2.196	2.473	2.372	2.426	1.783	2.549	2.888	2.267	1.618	2.441	2.752	2.604	2.14	2.57	2.407	2.598	2.788	2.53383	1317476.0	1713504.990706
sub-21_T1w	2.271	2.419	2.165	2.785	2.427	2.794	2.624	2.63	3.005	3.187	1.884	2.793	2.903	2.771	2.719	2.86	3.548	3.771	2.668	2.164	3.059	2.093	2.887	2.601	2.546	2.517	2.215	2.098	2.784	2.566	2.613	2.624	2.237	3.161	3.411	2.387	2.952	2.992	2.373	2.684	2.43	1.877	3.057	2.068	1.994	2.372	2.91	2.882	2.677	2.861	2.045	2.449	2.374	2.594	2.661	2.191	2.205	2.237	2.408	2.586	2.322	2.098	2.566	2.993	2.188	2.19	2.258	2.528	2.394	2.469	2.416	2.54	2.461	2.106	2.53061	1184536.0	1629745.766888
sub-22_T1w	2.283	2.814	2.562	3.021	2.867	2.886	2.682	2.686	3.028	3.003	2.099	2.92	3.058	2.545	2.696	2.906	3.172	3.663	2.675	2.505	2.986	2.003	3.071	2.711	2.814	2.816	2.507	2.58	2.995	2.59	2.714	2.466	2.937	3.372	3.297	2.708	3.016	3.221	2.334	2.435	2.902	1.992	3.427	2.265	2.147	2.264	2.722	3.0	2.763	2.867	2.118	2.25	2.327	2.532	2.793	2.407	2.4	2.439	2.261	2.706	2.668	2.322	2.318	2.69	2.423	1.737	2.265	2.485	2.549	2.331	2.357	2.627	2.55	2.881	2.62171	1148092.0	1457617.735029
sub-24_T1w	2.253	2.564	2.483	2.773	2.594	2.587	2.545	2.586	2.916	2.866	2.151	2.673	2.816	2.665	2.494	2.67	2.964	3.658	2.641	2.339	2.973	2.205	3.271	2.59	2.848	2.708	2.565	2.273	2.967	2.705	2.524	2.31	2.208	3.158	3.313	2.612	2.944	3.023	2.066	2.252	2.508	1.869	3.243	2.061	2.077	2.375	2.625	3.041	2.491	2.425	2.473	2.4	2.069	2.36	2.523	2.268	2.075	2.256	2.335	2.872	2.643	2.015	2.057	2.435	2.528	2.09	2.232	2.33	2.54	2.216	2.373	2.524	2.466	2.173	2.53013	1299465.0	1684400.732851
sub-25_T1w	2.283	2.434	2.528	2.767	2.395	2.527	2.712	2.665	2.704	2.679	1.861	2.791	2.913	2.773	2.626	2.799	3.169	3.234	2.602	2.199	3.176	1.953	2.964	2.659	2.811	2.765	2.503	2.31	2.934	2.571	2.785	2.035	2.251	3.179	3.154	2.582	3.135	3.142	2.214	2.489	2.608	1.899	2.951	2.1	2.103	2.342	2.641	2.704	2.603	2.503	1.993	2.283	2.197	2.53	2.422	2.228	2.118	2.189	2.398	2.432	2.557	2.153	2.407	2.528	2.343	2.204	2.196	2.518	2.463	2.276	2.38	2.567	2.597	2.332	2.53859	1251011.0	1656240.278213
sub-26_T1w	2.288	2.448	2.517	2.771	2.683	2.538	2.456	2.451	2.835	2.7	1.881	2.982	3.001	2.798	2.596	2.747	2.824	3.407	2.681	2.222	2.805	2.019	3.269	2.656	2.809	2.828	2.348	2.395	2.98	2.553	2.361	3.358	2.774	3.167	3.599	2.614	3.021	3.14	2.73	2.41	2.554	2.069	3.399	1.981	2.139	2.155	2.913	2.769	2.631	3.06	2.088	2.293	2.188	2.507	1.949	2.175	2.263	2.143	2.349	2.595	2.636	1.946	2.306	2.649	2.345	2.065	2.234	2.361	2.28	2.434	2.213	2.645	2.5	2.217	2.53434	1125552.0	1505275.412362
sub-28_T1w	2.233	2.252	2.43	2.479	2.45	2.575	2.609	2.65	2.932	2.979	1.935	2.731	3.009	2.612	2.541	2.737	3.367	3.581	2.463	2.347	2.844	2.058	3.107	2.74	2.722	2.741	2.513	2.15	2.736	2.483	2.579	2.452	2.533	2.954	3.184	2.666	2.971	3.168	2.568	2.253	2.465	1.959	3.189	1.927	2.078	2.269	2.896	2.92	2.592	2.444	2.097	2.278	2.352	2.464	2.268	2.223	2.023	2.116	2.217	2.26	2.268	2.245	2.363	2.532	2.19	1.799	2.163	2.512	2.314	2.29	2.255	2.459	2.488	2.454	2.48929	1245804.0	1431468.358013
sub-29_T1w	2.306	2.625	2.626	2.874	2.407	2.67	2.707	2.75	3.113	2.854	1.839	3.016	3.035	2.62	2.573	2.84	2.864	3.622	2.644	2.206	2.808	1.912	3.44	2.74	2.884	2.779	2.52	2.363	3.112	2.731	2.719	2.557	2.658	3.199	3.489	2.761	2.832	3.01	2.239	2.607	2.454	1.873	3.103	2.004	2.189	2.405	3.022	2.647	2.794	2.498	2.008	2.213	2.289	2.413	2.772	2.238	1.843	2.273	2.344	2.455	2.624	2.125	2.354	2.564	2.443	1.668	2.203	2.56	2.533	2.249	2.35	2.503	2.539	2.454	2.55153	1155880.0	1478850.020524
sub-30_T1w	2.547	2.462	2.61	2.94	2.602	2.885	2.802	2.685	3.199	2.745	2.051	2.992	3.335	3.048	2.761	3.039	3.229	3.768	2.609	2.572	2.919	2.053	3.272	2.855	2.67	2.897	2.47	2.326	3.063	2.595	2.477	2.214	2.826	3.333	3.658	3.051	2.965	3.171	2.498	2.291	2.67	2.4	3.425	2.069	2.08	2.413	3.382	2.85	2.767	2.537	2.219	2.48	2.331	2.559	2.487	2.241	2.428	2.189	2.846	2.411	2.626	2.276	2.375	2.652	2.416	1.984	2.373	2.524	2.57	2.401	2.538	2.515	2.597	3.173	2.64347	1123479.0	1494742.672651
sub-31_T1w	2.503	3.091	2.688	3.074	2.599	2.518	2.442	2.63	3.135	2.567	2.149	2.944	2.995	2.776	2.594	2.843	3.654	3.933	2.999	2.567	3.158	2.293	3.066	2.691	2.826	3.024	2.55	2.607	3.043	3.005	2.482	2.102	3.103	3.56	3.888	2.874	3.04	3.556	2.473	2.522	2.92	1.932	3.539	2.026	2.264	2.544	2.751	3.212	2.834	2.831	2.554	2.397	2.244	2.381	2.676	2.457	2.437	2.487	2.749	2.715	2.806	2.07	2.569	2.595	2.573	1.727	2.424	2.559	2.547	2.354	2.609	2.693	2.767	2.458	2.7053	1403452.0	1609615.595388
sub-32_T1w	2.146	2.561	2.276	2.797	2.566	2.441	2.447	2.609	3.046	2.955	1.78	2.878	2.9	2.52	2.465	2.552	2.971	3.567	2.581	2.492	2.987	2.111	3.413	2.619	2.724	2.74	2.42	2.088	2.721	2.523	2.423	2.782	2.592	3.165	3.537	2.763	2.772	3.067	2.335	2.188	2.406	2.021	3.232	2.211	1.963	2.248	2.839	2.815	2.661	3.024	2.321	2.217	2.021	2.196	2.152	2.232	2.279	2.33	2.501	2.661	2.565	1.906	2.22	2.44	2.436	2.05	2.372	2.326	2.223	2.144	2.292	2.539	2.548	2.407	2.50477	1394174.0	1754792.806705
sub-33_T1w	2.355	2.809	2.585	2.653	2.534	2.5	2.571	2.665	3.04	3.17	1.983	2.785	2.875	2.713	2.509	2.875	2.876	3.538	2.735	2.734	3.017	2.309	3.318	2.746	2.832	2.835	2.678	2.255	2.981	2.786	2.728	2.686	2.622	3.259	3.548	2.802	2.958	3.181	2.169	2.161	2.458	2.168	3.288	2.128	1.976	2.483	2.672	2.761	2.636	2.512	2.222	2.184	2.231	2.37	2.831	2.399	2.136	2.288	2.569	2.487	2.685	2.064	2.306	2.353	2.498	2.039	2.242	2.566	2.454	2.294	2.57	2.526	2.625	2.422	2.60309	1156015.0	1559668.63433
sub-34_T1w	2.252	2.48	2.196	2.61	2.517	2.521	2.47	2.493	2.783	2.647	1.789	2.596	2.52	2.577	2.404	2.611	2.962	3.353	2.432	2.194	2.861	1.867	3.214	2.523	2.884	2.733	2.364	1.992	2.733	2.361	2.289	2.044	2.356	2.972	3.134	2.721	3.042	3.074	2.153	2.119	2.315	1.606	3.295	1.803	1.974	2.159	2.748	2.749	2.423	2.778	1.908	2.208	2.134	2.267	2.404	2.157	2.087	1.962	2.289	2.336	2.64	2.123	2.312	2.493	2.163	1.651	2.183	2.278	2.387	2.219	2.261	2.649	2.584	2.474	2.4181	1091321.0	1458798.292998
sub-38_T1w	2.295	2.591	2.407	2.518	2.44	2.552	2.669	2.572	3.052	2.718	2.048	2.64	2.6	2.652	2.566	2.741	2.749	3.522	2.814	2.237	2.858	2.076	3.203	2.675	2.621	2.767	2.367	2.267	2.71	2.595	2.556	1.921	2.485	3.005	3.005	2.535	2.957	3.044	1.973	2.27	2.463	2.237	3.181	2.116	2.104	2.393	2.766	2.69	2.507	2.582	2.437	2.251	2.149	2.419	2.17	2.172	2.284	2.278	2.36	2.589	2.551	2.052	2.211	2.682	2.378	1.694	2.292	2.431	2.532	2.05	2.372	2.564	2.52	2.412	2.51603	1123536.0	1461745.192338
sub-39_T1w	2.401	2.617	2.611	2.89	2.537	2.831	2.677	2.547	2.853	2.261	2.15	2.635	2.591	2.502	2.534	2.728	3.324	3.386	2.707	2.475	2.938	2.093	3.397	2.71	2.682	2.701	2.501	2.575	3.167	2.581	2.649	2.398	2.846	3.326	3.914	2.703	2.898	3.229	2.185	1.854	2.575	2.273	3.347	1.959	2.189	2.181	2.626	2.868	2.61	2.462	2.173	2.176	2.074	2.219	2.367	2.285	2.351	2.387	2.388	2.395	2.418	2.051	2.351	2.544	2.429	1.714	2.274	2.442	2.317	2.557	2.339	2.471	2.536	2.898	2.56245	1052245.0	1371083.151273
sub-40_T1w	2.101	2.353	2.052	2.684	2.506	2.628	2.434	2.37	2.75	2.845	1.925	2.638	2.812	2.438	2.491	2.574	2.875	3.379	2.561	2.205	2.94	2.162	3.196	2.469	2.601	2.64	2.359	2.189	3.007	2.389	2.548	2.476	2.523	3.036	3.506	2.457	2.787	3.074	2.067	2.111	2.471	1.975	3.422	2.114	2.073	2.025	2.525	2.829	2.581	2.786	2.008	2.25	2.264	2.409	2.361	2.136	2.26	2.256	2.389	2.569	2.518	2.053	2.235	2.537	2.269	1.761	2.194	2.407	2.405	2.134	2.129	2.305	2.431	2.138	2.46199	1261499.0	1774551.454002
sub-41_T1w	2.378	2.798	2.586	2.933	2.593	2.663	2.74	2.6	2.889	2.813	2.198	2.953	3.027	2.88	2.727	2.884	3.225	3.385	2.736	2.468	3.002	2.347	3.487	2.688	2.861	2.903	2.473	2.405	3.023	2.674	2.351	2.394	2.584	3.114	3.484	2.738	3.147	3.276	2.772	2.503	2.646	2.202	3.419	2.061	2.144	2.223	2.85	2.758	2.707	2.558	2.254	2.401	2.329	2.543	2.519	2.358	2.357	2.386	2.4	2.54	2.648	2.089	2.277	2.711	2.482	1.751	2.29	2.557	2.555	2.208	2.333	2.498	2.565	2.42	2.6297	1279062.0	1683368.180686
sub-42_T1w	2.237	2.607	2.283	2.654	2.613	2.79	2.766	2.66	3.084	2.996	1.928	2.731	2.735	2.711	2.426	2.69	3.207	3.417	2.663	2.309	2.795	1.873	2.99	2.537	2.607	2.52	2.303	2.082	2.515	2.576	2.57	2.415	2.424	3.137	3.041	2.815	2.752	3.019	2.041	2.919	2.649	1.981	3.231	2.056	1.945	2.498	2.825	2.786	2.72	2.766	2.302	2.15	2.086	2.271	2.382	2.247	2.224	2.413	2.39	2.569	2.536	2.276	2.425	2.711	2.526	2.733	2.072	2.386	2.275	2.24	2.461	2.685	2.621	2.283	2.50242	1104171.0	1369839.845124
sub-43_T1w	2.188	2.598	2.442	2.806	2.667	2.885	2.714	2.903	2.943	3.075	1.975	3.045	2.827	2.621	2.613	2.794	3.338	3.513	2.391	2.1	2.766	2.108	3.379	2.6	2.777	2.888	2.383	2.145	2.902	2.569	2.819	2.023	2.668	3.216	3.744	2.643	2.995	3.104	2.265	2.358	2.584	1.735	3.428	1.954	1.958	2.389	2.655	2.976	2.648	2.586	2.058	2.267	2.188	2.507	2.412	2.289	1.984	2.375	2.154	2.627	2.537	2.137	2.516	2.869	2.322	2.188	2.093	2.528	2.272	2.469	2.519	2.461	2.631	2.386	2.55992	1297963.0	1728399.636639
sub-44_T1w	2.387	2.902	2.365	2.881	2.632	2.653	2.521	2.526	2.983	2.793	1.935	2.878	3.049	2.707	2.523	2.701	3.12	3.494	2.744	2.49	2.829	2.207	2.915	2.679	2.702	2.832	2.618	2.314	2.733	2.634	2.368	2.356	2.885	3.347	3.553	2.718	3.032	3.221	2.161	2.427	2.679	2.14	3.394	2.237	2.165	2.251	2.928	2.831	2.677	2.821	2.583	2.266	2.215	2.29	2.461	2.267	2.295	2.349	2.567	2.721	2.62	2.206	2.235	2.467	2.6	1.984	2.333	2.454	2.234	2.39	2.417	2.577	2.644	2.644	2.57828	1212997.0	1503127.418344
sub-45_T1w	2.459	2.564	2.48	2.645	2.633	2.809	2.916	2.679	3.014	2.793	2.029	2.801	2.808	2.708	2.577	2.793	3.25	3.553	2.647	2.426	2.853	2.12	3.395	2.749	2.69	2.722	2.388	2.291	2.94	2.603	2.764	2.757	2.65	3.277	3.459	2.421	2.922	3.109	1.974	2.613	2.525	1.964	3.458	2.07	2.055	2.33	2.8	2.865	2.59	2.66	2.308	2.29	2.22	2.361	3.103	2.234	2.117	2.242	2.384	2.408	2.589	1.881	2.484	2.772	2.31	1.997	2.163	2.632	2.419	2.468	2.418	2.596	2.532	2.569	2.56557	1182053.0	1457444.969018
sub-46_T1w	2.4	2.642	2.215	2.765	2.454	2.562	2.689	2.439	3.038	2.633	1.9	2.98	3.234	2.812	2.566	2.661	2.829	3.222	2.604	2.173	2.82	2.149	2.962	2.58	2.771	2.746	2.475	2.355	2.934	2.542	2.416	2.34	2.514	3.131	3.588	2.713	2.757	2.99	2.415	2.568	2.492	2.04	3.157	2.057	2.108	2.202	2.74	2.788	2.614	2.73	1.976	2.309	2.086	2.376	2.242	2.214	2.159	2.299	2.445	2.416	2.513	2.085	2.521	2.463	2.294	1.574	2.32	2.383	2.36	2.105	2.302	2.443	2.581	2.886	2.51015	1178351.0	1598873.676002
sub-47_T1w	1.93	2.648	2.309	2.661	2.231	2.542	2.525	2.495	2.977	2.85	1.987	2.779	2.881	2.621	2.446	2.606	3.114	3.756	2.692	2.237	3.016	2.234	2.919	2.557	2.612	2.756	2.31	2.172	2.75	2.521	2.405	2.7	2.781	2.969	3.158	2.474	2.86	2.906	2.105	2.177	2.464	2.073	2.3	2.019	1.991	2.001	2.72	2.777	2.513	2.691	2.44	2.172	1.969	2.159	2.002	2.183	2.04	2.364	2.395	2.536	2.549	1.894	2.202	2.55	2.417	1.766	2.152	2.418	2.197	2.212	2.437	2.563	2.508	2.801	2.46693	1096832.0	1169194.541143
sub-48_T1w	2.282	2.584	2.394	2.673	2.377	2.572	2.623	2.596	2.84	2.747	1.975	2.83	2.835	2.46	2.47	2.647	2.971	3.477	2.806	2.435	2.978	2.04	3.212	2.651	2.796	2.77	2.368	2.271	2.79	2.608	2.745	3.06	2.625	3.044	3.407	2.498	2.836	3.257	2.121	2.471	2.539	2.144	3.164	2.009	2.156	2.194	2.855	2.923	2.673	2.764	2.288	2.204	2.079	2.271	2.282	2.244	2.138	2.248	2.27	2.575	2.512	2.191	2.395	2.436	2.249	1.89	2.314	2.513	2.455	2.106	2.367	2.476	2.528	2.541	2.52754	1321373.0	1788122.422098
sub-49_T1w	2.257	2.531	2.45	2.775	2.743	2.714	2.627	2.597	2.909	3.006	1.909	2.701	2.868	2.67	2.464	2.916	2.81	3.116	2.632	2.365	2.991	2.014	3.308	2.586	2.764	2.749	2.406	2.188	2.872	2.619	2.835	2.529	2.827	3.285	3.544	2.701	3.209	2.936	1.918	2.025	2.66	1.934	3.254	1.971	2.025	2.251	2.823	2.943	2.595	2.463	2.031	2.119	2.161	2.326	2.492	2.182	2.168	2.134	2.222	2.648	2.589	2.128	2.22	2.334	2.362	1.999	2.212	2.399	2.437	2.553	2.346	2.425	2.473	2.695	2.53057	1050752.0	1469573.300077
sub-50_T1w	2.346	2.828	2.451	3.093	2.545	2.719	2.567	2.636	3.243	2.705	1.943	2.709	2.799	2.588	2.579	2.717	3.856	3.745	2.842	2.315	3.029	2.193	3.104	2.731	2.746	2.759	2.387	2.304	2.891	2.594	2.452	2.398	2.859	3.258	3.402	2.703	2.993	3.05	1.937	2.442	2.609	2.053	3.42	2.153	2.216	2.317	2.705	2.931	2.796	2.737	2.358	2.314	2.161	2.262	2.95	2.373	2.286	2.466	2.508	2.61	2.744	2.376	2.381	2.634	2.46	2.251	2.317	2.454	2.485	2.241	2.546	2.738	2.586	2.888	2.59861	1328583.0	1680775.993947
sub-51_T1w	2.623	2.498	2.315	3.046	2.787	2.96	3.019	2.754	3.11	2.666	1.954	3.169	3.352	2.908	2.829	2.919	3.506	3.742	2.623	2.274	2.981	2.106	3.328	2.815	2.866	2.896	2.62	2.233	3.074	2.769	2.528	2.656	2.843	3.549	3.844	2.781	3.124	3.222	2.828	2.497	2.501	2.071	3.569	2.082	2.158	2.473	3.169	3.012	2.823	2.913	2.049	2.392	2.311	2.429	2.878	2.435	2.261	2.158	2.554	2.827	2.503	2.17	2.496	2.828	2.481	2.04	2.295	2.572	2.58	2.656	2.474	2.717	2.87	2.432	2.704	1177156.0	1563253.533097
sub-52_T1w	2.273	2.723	2.647	2.635	2.646	2.745	2.802	2.817	3.129	3.103	1.891	2.966	2.851	2.658	2.802	2.901	3.579	3.413	2.745	2.168	2.774	2.179	3.611	2.732	2.94	2.759	2.398	2.467	2.97	2.719	2.96	2.667	2.5	3.134	3.676	2.814	3.097	3.17	2.354	2.593	2.783	1.804	3.239	1.937	2.04	2.457	3.068	2.896	2.711	2.624	2.41	2.217	2.199	2.381	2.406	2.284	2.043	2.468	2.411	2.599	2.647	2.116	2.655	2.691	2.453	1.991	2.417	2.509	2.418	2.433	2.465	2.627	2.655	2.246	2.61375	1258997.0	1702019.843877
sub-53_T1w	2.376	2.759	2.422	2.864	2.662	2.779	2.573	2.552	2.892	2.478	2.072	2.994	3.272	2.722	2.673	2.748	3.003	3.651	2.796	2.357	2.992	2.01	3.237	2.776	2.816	2.899	2.421	2.421	2.932	2.604	2.619	1.99	2.78	3.345	3.752	2.824	2.79	3.268	2.377	2.488	2.546	2.224	3.399	1.965	2.096	2.278	2.872	2.959	2.652	2.546	2.159	2.312	2.308	2.392	2.32	2.269	2.234	2.343	2.459	2.388	2.515	2.42	2.074	2.65	2.471	1.636	2.258	2.44	2.492	2.059	2.444	2.568	2.69	2.751	2.59605	1178930.0	1601283.227198
sub-54_T1w	2.444	2.633	2.233	2.845	2.564	2.813	2.607	2.649	3.013	2.781	1.968	2.871	3.011	2.965	2.631	2.801	3.093	3.432	2.801	2.478	2.902	2.103	3.195	2.866	2.78	2.868	2.46	2.296	2.925	2.652	2.542	2.571	2.482	3.392	3.7	2.711	3.018	3.214	2.36	2.683	2.539	2.206	3.326	2.007	2.024	2.347	2.837	2.848	2.697	2.846	2.32	2.269	2.371	2.32	2.437	2.216	2.112	2.305	2.632	2.568	2.513	2.166	2.354	2.683	2.409	1.93	2.261	2.47	2.396	2.385	2.396	2.778	2.657	2.416	2.60655	1175844.0	1460090.46832
sub-55_T1w	2.518	2.655	2.51	2.846	2.574	2.501	2.509	2.602	3.033	2.86	1.773	3.002	3.003	2.802	2.64	2.788	3.504	3.581	2.646	2.35	2.986	2.048	3.22	2.759	2.867	2.83	2.479	2.22	2.809	2.486	2.614	2.812	2.611	3.381	3.732	2.919	2.968	3.311	2.331	2.426	2.747	1.859	3.263	2.25	2.157	2.284	2.938	3.104	2.76	2.797	2.395	2.311	2.182	2.393	2.773	2.321	2.098	2.221	2.738	2.725	2.517	2.134	2.317	2.562	2.525	2.196	2.194	2.368	2.422	2.237	2.404	2.568	2.609	2.396	2.59961	1463343.0	1935067.38693
sub-56_T1w	2.429	2.621	2.603	2.916	2.706	2.67	2.605	2.689	3.06	2.81	2.16	3.05	3.008	2.844	2.695	2.881	3.152	3.814	2.744	2.304	3.038	2.232	3.362	2.679	2.853	2.917	2.481	2.292	2.993	2.733	2.583	2.76	3.149	3.486	3.93	2.71	3.051	3.27	2.394	2.256	2.686	2.222	3.527	2.148	2.379	2.433	3.124	3.003	2.835	2.578	2.162	2.397	2.312	2.483	2.679	2.317	2.228	2.295	2.49	2.541	2.633	1.981	2.197	2.523	2.309	1.64	2.313	2.484	2.372	2.317	2.448	2.642	2.695	2.749	2.65213	1430035.0	1860830.120409
sub-57_T1w	2.41	2.646	2.556	2.792	2.795	2.736	2.761	2.507	2.991	3.008	2.064	2.826	2.969	2.607	2.477	2.786	3.283	3.616	2.772	2.455	2.967	2.233	3.468	2.722	2.929	2.634	2.438	2.366	2.904	2.632	2.651	2.603	2.666	3.229	3.464	2.591	3.066	3.134	2.24	2.2	2.498	2.008	3.204	2.225	2.1	2.275	2.674	2.885	2.565	2.489	2.099	2.227	2.039	2.275	2.254	2.344	2.319	2.376	2.318	2.713	2.713	2.083	2.543	2.758	2.293	1.646	2.235	2.559	2.417	2.574	2.375	2.59	2.55	2.408	2.5777	1115899.0	1451904.201482
sub-58_T1w	2.154	2.662	2.489	2.837	2.377	2.617	2.694	2.819	3.04	3.088	1.974	2.919	3.099	2.758	2.536	2.757	3.038	3.701	2.754	2.417	2.945	1.857	3.536	2.747	2.895	3.035	2.576	2.447	3.063	2.618	2.427	2.197	2.739	3.104	3.522	3.063	3.22	3.404	2.36	2.723	2.546	2.068	3.383	1.719	2.14	2.419	3.016	3.132	2.626	2.773	2.03	2.247	2.147	2.24	2.625	2.411	2.407	2.544	2.289	2.843	2.67	1.99	2.377	2.578	2.163	2.034	2.369	2.583	2.558	2.234	2.372	2.725	2.655	2.829	2.61098	1193245.0	1512343.004028
sub-59_T1w	2.591	2.615	2.439	2.738	2.741	2.717	2.628	2.65	2.888	2.395	1.988	2.81	3.101	2.751	2.582	2.737	3.559	3.666	2.699	2.298	3.057	2.132	2.797	2.604	2.776	2.856	2.539	2.291	2.818	2.648	2.801	1.958	2.499	3.279	3.49	2.519	3.011	3.186	2.247	2.673	2.531	2.008	3.282	2.098	1.962	2.393	3.023	2.967	2.724	3.118	2.47	2.274	2.378	2.402	2.687	2.354	2.258	2.336	2.388	2.585	2.599	2.194	2.343	2.481	2.51	1.698	2.218	2.489	2.429	2.363	2.537	2.503	2.581	2.402	2.58266	1089453.0	1420353.172869
sub-60_T1w	2.091	2.694	2.613	2.954	2.589	2.708	2.599	2.734	3.106	2.432	1.901	3.069	2.628	2.403	2.454	2.82	2.98	3.216	2.646	2.296	2.739	2.146	3.106	2.657	2.657	2.72	2.414	2.095	2.79	2.688	2.727	2.048	2.429	3.098	3.162	2.703	2.751	2.966	2.035	2.499	2.531	1.768	3.2	1.929	1.929	2.445	3.018	2.787	2.875	2.837	2.333	2.098	2.136	2.386	2.498	2.241	2.241	2.147	2.35	2.363	2.584	1.83	2.295	2.767	2.683	1.885	2.188	2.337	2.331	2.228	2.67	2.351	2.467	2.36	2.52591	1277820.0	1711431.988736
sub-61_T1w	2.263	2.765	2.507	2.801	2.81	2.712	2.817	2.727	2.862	3.017	1.82	2.883	2.977	2.843	2.732	2.938	3.342	3.343	2.699	2.278	3.049	2.125	3.369	2.778	2.92	3.002	2.488	2.339	3.012	2.648	2.553	2.543	2.626	3.352	3.575	2.813	2.854	3.153	2.083	2.358	2.596	1.82	3.32	1.901	2.135	2.516	2.977	3.164	2.831	2.812	2.102	2.275	2.135	2.27	2.508	2.262	2.117	2.211	2.596	2.779	2.679	2.08	2.281	2.677	2.233	1.843	2.343	2.621	2.516	2.409	2.537	2.666	2.62	3.226	2.61275	1088219.0	1517672.993605
sub-62_T1w	2.495	2.515	2.506	2.744	2.812	2.834	2.84	2.862	3.243	2.795	1.889	2.827	2.884	2.754	2.624	2.773	3.441	3.701	2.807	2.238	3.007	2.018	3.097	2.865	2.802	2.872	2.497	2.105	2.91	2.689	2.75	2.208	2.943	3.37	3.675	2.776	3.056	3.605	2.008	2.348	2.861	1.917	3.523	2.012	2.005	2.371	2.766	2.916	2.786	2.877	2.302	2.488	2.311	2.49	2.453	2.383	2.279	2.205	2.66	2.513	2.669	2.182	2.239	2.71	2.451	1.874	2.28	2.443	2.421	2.3	2.655	2.93	2.683	2.366	2.62309	1213046.0	1574305.536495
sub-63_T1w	2.228	2.212	2.472	2.64	2.521	2.743	2.88	2.737	3.001	3.153	1.94	2.899	2.98	2.578	2.657	2.831	2.937	3.403	2.658	2.404	2.919	2.0	3.219	2.585	2.755	2.736	2.443	2.241	2.969	2.632	2.453	2.215	2.595	3.014	3.614	2.838	3.063	3.167	2.188	2.496	2.602	1.902	3.44	1.953	2.091	2.436	2.832	2.844	2.769	2.852	1.955	2.233	2.26	2.511	2.68	2.257	2.393	2.294	2.473	2.634	2.916	2.146	2.34	2.324	2.334	2.138	2.216	2.515	2.565	2.416	2.399	2.709	2.604	2.646	2.59103	1267114.0	1576669.998108
sub-64_T1w	2.221	2.665	2.356	2.771	2.644	2.741	2.592	2.577	2.983	2.596	2.222	2.594	2.84	2.467	2.589	2.7	3.03	3.303	2.673	2.253	3.042	2.226	3.422	2.674	2.845	2.714	2.396	2.36	2.874	2.596	2.55	2.657	2.901	3.2	3.402	2.754	2.9	3.295	1.95	2.06	2.595	1.915	3.293	2.106	2.155	2.292	2.988	3.064	2.518	2.375	2.216	2.127	2.194	2.287	2.603	2.202	2.192	2.204	2.406	2.452	2.585	2.127	2.378	2.332	2.517	1.917	2.25	2.355	2.402	2.126	2.368	2.535	2.655	2.55	2.5435	1115706.0	1528551.559376
sub-65_T1w	2.288	2.837	2.536	3.201	2.618	2.854	2.544	2.663	3.105	3.224	2.115	3.019	3.094	2.891	2.63	2.938	3.177	3.595	2.723	2.508	3.084	2.239	3.613	2.89	2.867	2.994	2.572	2.443	2.99	2.878	2.568	2.716	3.003	3.513	3.816	2.915	3.101	3.536	2.219	2.598	2.532	2.183	3.698	2.141	2.255	2.629	2.753	2.782	2.857	2.886	2.475	2.285	2.05	2.394	2.339	2.398	2.167	2.324	2.379	2.76	2.841	2.433	2.325	2.815	2.601	1.642	2.41	2.676	2.514	2.487	2.672	2.74	2.719	2.488	2.69706	1123195.0	1469022.424841
sub-66_T1w	2.355	2.386	2.571	2.88	2.71	2.778	2.784	2.792	3.105	2.848	2.051	2.881	2.873	2.742	2.669	2.945	3.588	3.708	2.693	2.401	3.094	2.145	3.252	2.566	2.726	2.721	2.578	2.371	3.024	2.644	2.767	2.083	2.636	3.172	3.818	2.923	3.024	3.291	2.472	2.401	2.495	2.319	3.164	2.049	2.154	2.435	2.834	3.042	2.861	2.689	2.354	2.287	2.355	2.56	3.133	2.296	2.336	2.377	2.273	2.638	2.526	2.051	2.175	2.648	2.41	1.862	2.375	2.588	2.465	2.549	2.545	2.574	2.61	2.502	2.63781	1380511.0	1770241.682124
sub-67_T1w	2.189	2.865	2.231	2.849	2.476	2.594	2.306	2.573	3.07	2.527	1.951	2.801	2.87	2.754	2.587	2.57	3.118	3.458	2.518	2.463	2.859	2.092	2.99	2.58	2.823	2.77	2.536	2.153	2.854	2.67	2.379	2.351	2.568	3.154	3.68	2.715	2.803	2.982	2.046	2.496	2.706	1.97	3.039	2.026	2.033	2.201	2.955	3.141	2.564	2.516	2.19	2.307	2.191	2.44	2.276	2.324	2.165	2.333	2.427	2.355	2.731	1.883	2.246	2.507	2.584	1.984	2.227	2.585	2.376	2.147	2.444	2.531	2.599	2.561	2.52803	1205486.0	1516116.992088
sub-68_T1w	2.376	2.896	2.474	2.82	2.473	2.626	2.531	2.571	2.969	3.138	1.897	2.904	2.803	2.704	2.431	2.8	3.523	3.913	2.807	2.242	3.001	2.156	3.639	2.641	3.074	2.76	2.48	2.251	2.743	2.724	2.576	3.394	2.642	3.124	3.579	2.656	2.945	3.274	2.068	2.159	2.524	2.114	3.457	2.042	2.002	2.375	3.07	2.848	2.755	2.753	2.356	2.375	2.037	2.224	2.684	2.346	2.321	2.39	2.739	2.522	2.633	2.247	2.67	2.61	2.484	1.775	2.353	2.501	2.281	2.749	2.408	2.775	2.676	2.798	2.58966	1137423.0	1443391.067847
sub-69_T1w	2.311	2.589	2.45	2.611	2.465	2.552	2.51	2.615	2.88	2.62	1.889	2.903	2.778	2.585	2.618	2.707	2.965	3.11	2.671	2.491	2.869	2.197	3.143	2.586	2.701	2.635	2.549	2.376	3.113	2.613	2.425	2.776	2.473	3.003	3.25	2.489	2.871	3.053	2.207	2.426	2.437	1.856	3.255	2.115	2.042	2.254	2.935	2.803	2.501	2.47	2.253	2.303	2.203	2.379	2.866	2.22	2.241	2.155	2.245	2.418	2.508	2.095	2.455	2.448	2.539	1.703	2.153	2.47	2.596	2.217	2.301	2.539	2.561	2.196	2.5161	1275233.0	1792038.218448
sub-70_T1w	2.292	2.787	2.62	2.69	2.416	2.644	2.831	2.774	2.992	2.753	2.062	2.987	3.012	2.862	2.654	2.944	3.036	3.505	2.754	2.529	3.218	2.065	2.952	2.764	2.758	2.797	2.573	2.259	3.26	2.7	2.661	2.504	2.767	3.522	3.352	2.873	3.128	3.421	2.279	2.393	2.708	2.227	3.617	2.119	2.196	2.401	3.063	2.925	2.66	2.747	2.575	2.35	2.34	2.488	2.564	2.306	2.44	2.348	2.585	2.853	2.605	2.288	2.334	2.693	2.629	2.362	2.308	2.674	2.53	2.362	2.42	2.772	2.694	2.455	2.66528	1273837.0	1655725.782903
sub-72_T1w	2.442	2.516	2.475	2.774	2.594	2.636	2.779	2.839	2.953	2.804	2.093	3.088	2.838	2.743	2.712	2.832	3.171	3.445	2.631	2.24	2.873	2.232	3.288	2.689	2.917	2.771	2.458	2.318	3.075	2.478	2.343	2.303	2.599	3.116	3.581	2.659	2.744	3.215	2.305	2.31	2.724	2.069	3.296	2.066	2.264	2.398	2.831	2.735	2.663	2.386	2.122	2.416	2.219	2.431	2.715	2.27	2.173	2.331	2.203	2.483	2.459	2.257	2.218	2.709	2.303	2.293	2.315	2.595	2.513	2.341	2.619	2.652	2.577	2.507	2.59196	1087488.0	1442324.027021
sub-73_T1w	2.538	2.79	2.312	2.755	2.485	2.759	2.632	2.551	2.967	2.892	2.066	2.994	2.81	2.68	2.657	2.844	3.472	3.825	2.851	2.201	3.022	2.118	3.26	2.687	2.799	2.7	2.404	2.066	3.003	2.508	2.698	2.394	2.432	3.346	3.603	2.447	2.911	3.475	2.261	2.221	2.407	1.971	3.431	2.012	1.983	2.076	2.758	2.926	2.758	2.905	2.246	2.263	2.199	2.425	2.177	2.251	2.179	2.289	2.368	2.625	2.579	2.134	2.465	2.655	2.254	1.64	2.22	2.545	2.357	2.776	2.283	2.664	2.592	2.355	2.5615	1213239.0	1631777.338028
sub-74_T1w	2.325	2.803	2.368	2.903	2.819	2.684	2.675	2.755	3.106	2.214	2.115	2.939	3.103	2.738	2.778	2.826	2.704	2.882	2.674	2.562	2.837	2.158	3.177	2.888	2.916	2.782	2.618	2.403	2.936	2.649	2.836	2.663	2.556	3.322	3.235	2.96	2.645	3.284	2.352	2.735	2.778	2.511	2.989	2.027	2.135	2.296	2.58	2.705	2.672	2.468	2.373	2.197	2.306	2.468	2.183	2.324	2.344	2.295	2.648	2.633	2.642	2.101	2.671	2.511	2.658	2.212	2.471	2.511	2.53	3.169	2.484	2.48	2.587	2.722	2.6235	1095232.0	1429588.358418
sub-75_T1w	2.227	2.881	2.406	2.794	2.642	2.92	2.732	2.604	2.695	2.71	2.23	2.824	2.845	2.734	2.52	2.821	3.173	3.349	2.787	2.421	3.221	2.109	2.806	2.854	2.705	2.792	2.377	2.49	2.83	2.668	2.466	1.687	2.918	3.358	3.623	2.816	3.286	3.094	2.529	2.406	2.551	2.159	3.134	2.19	2.049	2.222	2.61	2.839	2.542	2.78	2.243	2.117	2.123	2.344	2.461	2.171	2.345	2.335	2.489	2.844	2.467	2.166	2.269	2.733	2.446	1.873	2.25	2.399	2.405	2.553	2.498	2.637	2.532	2.993	2.5833	1041498.0	1349582.064341
sub-76_T1w	2.296	2.74	2.345	2.96	2.556	2.735	2.538	2.524	2.926	2.826	1.943	2.856	2.842	2.658	2.629	2.748	3.341	3.665	2.885	2.35	2.997	2.173	3.258	2.702	2.947	2.895	2.483	2.519	2.956	2.575	2.519	1.992	2.77	3.345	3.852	2.75	3.2	3.238	2.271	2.165	2.527	2.297	3.553	2.189	2.062	2.365	2.803	3.291	2.758	2.884	2.529	2.325	2.326	2.323	2.221	2.235	2.504	2.352	2.363	2.648	2.588	2.145	2.481	2.404	2.527	1.753	2.382	2.573	2.332	2.302	2.33	2.667	2.742	2.506	2.61752	1304353.0	1704383.247759
sub-77_T1w	2.549	2.931	2.27	2.933	2.773	2.879	2.563	2.758	3.198	2.952	1.891	3.224	2.951	2.701	2.534	2.851	3.22	3.835	2.743	2.27	3.169	2.169	3.523	2.856	2.797	2.938	2.499	2.316	2.987	2.965	2.829	2.799	2.641	3.296	3.852	2.752	3.009	3.376	2.348	2.489	2.533	2.24	3.65	2.018	2.065	2.296	2.706	3.01	2.734	2.736	2.42	2.284	2.116	2.387	2.646	2.388	2.335	2.345	2.519	2.669	2.79	2.148	2.451	2.818	2.565	1.919	2.255	2.273	2.537	2.391	2.747	2.663	2.67	2.892	2.65192	1250923.0	1632892.098294
sub-78_T1w	2.426	2.547	2.681	2.83	3.013	2.681	2.666	2.634	2.993	2.664	1.905	2.821	2.973	2.768	2.527	2.951	2.839	3.296	2.639	2.362	2.851	2.134	2.729	2.702	2.908	2.706	2.652	2.389	2.989	2.717	2.528	2.328	2.443	3.205	3.051	2.494	2.596	3.01	2.15	2.459	2.46	2.11	2.687	2.031	2.044	2.456	2.93	2.701	2.82	2.953	2.371	2.147	2.11	2.222	2.164	2.433	2.103	2.385	2.585	2.609	2.542	1.846	2.338	2.443	2.384	1.99	2.396	2.479	2.427	2.282	2.355	2.549	2.553	2.455	2.55232	1095200.0	1415490.035852
sub-79_T1w	2.366	2.696	2.287	2.839	2.583	2.811	2.702	2.633	2.991	2.194	2.066	2.941	3.179	2.697	2.619	2.741	3.506	3.177	2.831	2.267	2.971	2.249	3.204	2.617	2.89	2.744	2.456	2.341	2.91	2.732	2.495	2.819	2.768	3.365	3.528	2.837	2.814	3.222	2.279	2.225	2.63	2.101	3.208	2.058	1.968	2.329	2.765	2.699	2.609	2.916	2.377	2.236	2.127	2.288	2.281	2.355	2.452	2.427	2.514	2.727	2.544	2.146	2.429	2.716	2.611	1.569	2.217	2.543	2.494	2.48	2.522	2.407	2.67	2.644	2.58537	1419197.0	1769775.248013
sub-80_T1w	2.308	2.793	2.297	2.787	2.537	2.748	2.576	2.656	2.875	2.387	1.89	2.878	2.71	2.73	2.521	2.76	3.491	3.657	2.67	2.356	3.07	1.937	3.446	2.825	2.828	2.791	2.648	2.438	2.966	2.743	2.72	2.242	2.343	3.307	3.355	2.745	2.971	3.021	2.366	2.291	2.493	2.224	3.1	1.826	2.114	2.218	2.494	2.953	2.663	2.815	2.098	2.282	2.126	2.371	2.589	2.43	2.155	2.361	2.474	2.599	2.605	2.06	2.374	2.588	2.392	1.748	2.255	2.432	2.423	2.464	2.41	2.548	2.586	2.545	2.57959	1230891.0	1535514.667625
sub-81_T1w	2.174	2.829	2.409	2.71	2.535	2.435	2.463	2.411	2.826	2.877	2.02	2.955	2.8	2.526	2.549	2.685	2.909	3.385	2.758	2.187	3.007	2.21	3.244	2.478	2.803	2.809	2.553	2.438	3.019	2.756	2.422	2.145	2.925	3.262	3.467	2.735	2.736	3.165	2.344	2.63	2.377	2.081	3.082	2.085	2.001	2.329	2.37	2.828	2.629	2.621	2.363	2.321	2.031	2.306	2.375	2.314	2.245	2.391	2.397	2.495	2.506	2.078	2.21	2.372	2.372	1.545	2.169	2.416	2.476	2.123	2.284	2.607	2.547	2.425	2.51765	1255792.0	1710519.644141
sub-82_T1w	2.315	2.76	2.568	2.87	2.495	2.729	2.689	2.554	3.194	2.675	2.016	2.828	2.848	2.535	2.637	2.826	3.029	3.294	2.73	2.368	3.107	2.242	3.229	2.831	2.702	2.677	2.436	2.364	2.919	2.788	2.576	2.029	2.729	3.383	3.884	2.868	2.97	3.205	2.418	2.289	2.541	1.907	3.433	2.159	2.259	2.316	2.639	2.967	2.627	2.956	2.357	2.323	2.256	2.56	2.234	2.419	2.362	2.372	2.511	2.702	2.592	2.165	2.22	2.574	2.627	1.818	2.309	2.473	2.476	2.442	2.394	2.564	2.625	2.564	2.61934	1192794.0	1423758.779533
sub-83_T1w	2.311	2.89	2.278	2.765	2.741	2.568	2.517	2.531	2.818	3.029	2.134	2.851	2.963	2.612	2.693	2.826	3.163	3.073	2.932	2.648	3.028	2.196	3.492	2.969	2.742	2.989	2.623	2.403	3.127	2.733	2.575	2.179	2.664	3.23	3.664	2.844	3.147	3.177	2.662	2.24	2.739	2.177	3.58	2.336	2.154	2.398	2.879	2.905	2.493	2.745	2.336	2.195	2.135	2.298	2.095	2.257	2.486	2.316	2.569	2.713	2.767	2.204	2.488	2.518	2.497	1.746	2.223	2.417	2.5	2.444	2.385	2.528	2.645	2.639	2.63567	1157008.0	1463283.511341
sub-84_T1w	2.243	2.433	2.27	2.974	2.505	2.811	2.565	2.505	2.998	3.179	1.882	2.711	2.935	2.448	2.529	2.69	2.937	3.334	2.525	2.297	2.691	1.978	3.158	2.468	2.723	2.868	2.275	2.222	2.678	2.542	2.444	1.951	2.35	3.231	3.427	2.56	2.668	2.921	2.28	2.199	2.473	1.678	3.133	1.849	1.972	2.247	2.996	2.852	2.524	2.782	2.022	2.137	2.074	2.257	2.289	2.246	2.171	2.067	2.188	2.608	2.505	2.053	2.34	2.372	2.304	2.647	2.239	2.232	2.329	2.331	2.205	2.425	2.477	2.571	2.4475	983355.0	1348021.840734
sub-85_T1w	2.396	2.811	2.476	3.048	2.679	2.786	2.67	2.681	2.999	2.952	2.165	2.808	3.035	2.725	2.718	2.825	2.992	3.595	2.777	2.413	3.021	2.258	3.213	2.694	2.879	2.909	2.506	2.464	2.96	2.716	2.551	2.8	2.655	3.402	3.723	2.626	3.141	3.423	2.278	2.26	2.681	2.284	3.423	2.241	2.187	2.412	2.923	2.826	2.669	3.319	2.094	2.328	2.095	2.448	2.772	2.327	2.33	2.212	2.655	2.73	2.762	2.361	2.283	2.6	2.581	1.88	2.338	2.584	2.352	2.134	2.469	2.607	2.75	2.525	2.65415	1142119.0	1478556.193445
sub-86_T1w	2.188	2.543	2.179	2.621	2.121	2.769	2.758	2.604	2.94	2.929	1.797	2.723	2.908	2.481	2.681	2.748	2.789	3.276	2.429	2.109	2.825	2.146	2.944	2.328	2.584	2.59	2.253	1.865	2.855	2.467	2.249	2.829	2.262	2.766	3.115	2.363	2.569	3.078	2.129	2.309	2.28	1.92	3.024	1.759	1.992	2.394	2.807	3.039	2.642	2.792	2.378	2.192	2.136	2.497	2.171	2.107	2.176	2.164	2.164	2.535	2.672	1.812	2.135	2.374	2.373	2.004	1.979	2.427	2.297	1.888	2.339	2.46	2.392	2.287	2.43877	1176985.0	1265441.497313
sub-87_T1w	2.107	2.419	2.199	2.544	2.392	2.556	2.579	2.433	2.837	2.733	1.872	2.544	2.488	2.37	2.366	2.543	2.649	3.189	2.358	2.005	2.811	1.97	3.213	2.514	2.627	2.664	2.327	2.067	2.407	2.578	2.399	2.556	2.337	3.08	3.262	2.68	2.816	2.903	1.866	2.167	2.511	1.914	3.247	1.839	1.876	2.381	2.701	2.946	2.56	2.637	2.124	2.25	2.022	2.246	2.322	2.254	2.121	2.217	2.482	2.499	2.384	2.343	2.272	2.625	2.474	1.837	2.023	2.443	2.306	2.226	2.446	2.544	2.672	2.13	2.41758	1343435.0	1706365.610226
sub-88_T1w	2.29	2.643	2.182	2.665	2.467	2.588	2.408	2.417	2.828	2.959	1.795	2.687	2.614	2.496	2.544	2.609	3.364	3.526	2.636	2.35	2.666	2.216	3.184	2.386	2.541	2.613	2.321	2.273	2.704	2.435	2.498	1.991	2.545	2.903	3.479	2.597	2.724	2.889	1.823	2.272	2.417	1.922	3.209	2.055	1.907	2.003	2.539	3.097	2.541	2.7	2.345	2.172	2.193	2.283	2.705	2.259	2.252	2.243	2.206	2.38	2.38	2.234	2.348	2.461	2.261	1.848	2.156	2.269	2.374	2.292	2.231	2.569	2.533	2.299	2.44713	1055445.0	1238687.211967
sub-89_T1w	2.224	2.829	2.171	2.86	2.65	2.889	2.532	2.52	3.077	2.954	1.822	2.728	2.967	2.719	2.586	2.783	3.254	3.515	2.683	2.131	2.82	2.066	3.04	2.591	2.737	2.63	2.373	2.099	2.766	2.682	2.301	2.673	2.502	3.125	3.211	2.464	2.905	3.119	2.109	2.279	2.473	1.866	3.285	2.081	1.918	2.147	2.887	3.128	2.536	2.61	2.179	2.381	2.159	2.426	2.585	2.166	2.347	2.294	2.372	2.75	2.649	2.884	2.087	2.381	2.224	1.974	2.103	2.534	2.214	2.39	2.351	2.512	2.574	2.318	2.50935	1203482.0	1591849.893366
sub-90_T1w	2.263	2.316	2.325	2.734	2.388	2.678	2.749	2.518	2.959	2.855	2.155	2.725	2.743	2.536	2.502	2.73	3.146	3.746	2.674	2.383	2.692	2.212	3.483	2.643	2.663	2.67	2.412	2.407	2.9	2.606	2.63	2.104	2.738	3.206	3.64	2.812	2.9	3.129	2.145	2.476	2.562	2.183	3.21	2.061	2.05	2.086	3.125	2.643	2.704	2.376	2.236	2.344	2.192	2.46	2.106	2.087	2.069	2.053	2.39	2.348	2.511	2.13	2.416	2.538	2.52	1.794	2.231	2.371	2.442	1.993	2.337	2.525	2.454	2.779	2.52153	1314758.0	1785466.046646
sub-91_T1w	2.687	2.97	2.426	2.709	2.75	2.774	2.606	2.638	3.181	3.044	1.912	3.238	3.456	3.127	2.684	2.891	3.428	3.704	2.863	2.356	3.091	2.131	3.467	3.106	2.945	2.907	2.614	2.321	2.873	2.905	2.715	2.442	2.805	3.698	3.444	2.663	3.363	3.135	2.89	2.441	2.492	2.063	3.496	1.952	2.084	2.635	3.097	2.994	2.769	2.635	2.18	2.387	2.406	2.405	2.348	2.316	2.299	2.394	2.302	2.805	2.671	2.043	2.575	2.834	2.599	2.365	2.34	2.444	2.447	2.627	2.472	2.868	2.723	2.494	2.68896	1228732.0	1576232.173495
sub-92_T1w	1.963	2.854	2.313	2.918	2.369	2.545	2.655	2.806	2.996	2.816	2.071	3.105	2.986	2.576	2.526	2.94	3.131	3.505	2.88	2.22	2.897	2.014	2.955	2.71	2.914	2.971	2.301	2.227	2.727	2.427	2.635	3.021	2.547	3.322	3.476	2.647	2.965	3.216	2.165	2.272	2.4	2.323	2.966	2.041	2.038	2.297	2.824	3.25	2.789	2.901	2.264	2.154	2.068	2.339	2.405	2.326	2.501	2.35	2.666	2.644	2.422	1.722	2.296	2.654	2.282	1.769	2.267	2.576	2.39	2.368	2.37	2.647	2.626	2.333	2.57821	1283573.0	1691198.013233
sub-93_T1w	2.373	2.431	2.442	2.773	2.523	2.735	2.464	2.497	2.715	3.146	1.886	2.89	2.895	2.654	2.486	2.816	2.974	3.582	2.714	2.27	3.045	1.941	3.467	2.818	2.774	2.677	2.36	2.139	2.75	2.641	2.619	1.77	2.822	3.204	3.573	2.428	2.887	3.17	2.189	2.143	2.525	1.968	3.418	1.806	1.943	2.302	2.752	2.872	2.663	2.655	2.184	2.286	2.183	2.261	2.89	2.281	2.161	2.382	2.371	2.561	2.595	1.933	2.337	2.459	2.348	2.084	2.21	2.518	2.227	2.437	2.492	2.663	2.584	2.618	2.54461	1099389.0	1486543.303641
sub-94_T1w	2.35	2.606	2.431	2.632	2.42	2.586	2.583	2.434	2.761	2.758	1.784	2.765	3.12	2.574	2.624	2.751	3.097	3.306	2.71	2.074	2.632	2.086	3.128	2.692	2.561	2.675	2.436	2.324	2.844	2.435	2.42	2.754	2.42	2.874	3.261	2.607	2.684	3.051	2.487	2.438	2.377	2.047	3.195	1.883	2.0	2.137	2.768	2.634	2.617	2.529	2.271	2.3	2.316	2.356	2.445	2.119	2.195	2.117	2.296	2.475	2.493	1.963	2.397	2.687	2.21	1.963	2.174	2.385	2.348	2.411	2.294	2.488	2.479	2.353	2.47828	1171070.0	1460705.295403
sub-95_T1w	2.486	2.899	2.359	2.841	2.845	2.798	2.953	2.483	3.059	3.122	1.97	2.916	3.164	3.115	2.717	2.814	3.353	3.895	2.792	2.591	3.12	2.177	3.451	2.77	2.87	2.92	2.668	2.585	2.802	2.755	2.497	2.67	3.198	3.598	3.646	2.977	3.215	3.311	2.369	2.335	2.545	2.134	3.526	1.97	2.013	2.403	3.253	3.128	2.833	2.781	2.241	2.4	2.241	2.36	2.417	2.306	2.321	2.464	2.651	2.776	2.692	2.13	2.452	2.681	2.553	2.16	2.488	2.475	2.442	2.499	2.418	2.997	2.776	2.799	2.68994	1039676.0	1430973.491575
sub-96_T1w	2.443	2.579	2.459	2.931	2.867	2.839	2.774	2.628	3.182	2.978	2.049	3.02	3.188	2.771	2.556	2.924	3.237	3.693	2.727	2.352	3.031	2.208	3.237	2.757	2.983	2.871	2.5	2.257	2.971	2.648	2.709	2.475	2.813	3.469	3.719	2.789	3.064	3.332	2.377	2.428	2.556	2.16	3.379	2.056	2.167	2.282	3.213	2.903	2.735	2.723	2.233	2.26	2.105	2.31	2.072	2.229	2.153	2.19	2.423	2.887	2.726	2.395	2.387	2.639	2.428	2.418	2.093	2.506	2.369	2.325	2.401	2.684	2.684	2.584	2.62537	1034245.0	1329888.306134
sub-97_T1w	2.253	2.507	2.387	2.769	2.447	2.783	2.671	2.637	3.058	3.052	1.829	2.862	2.807	2.622	2.599	2.669	3.181	3.364	2.604	2.248	2.802	2.161	3.395	2.666	2.645	2.733	2.282	2.32	2.897	2.506	2.582	2.232	2.554	3.01	3.446	2.661	2.778	3.01	2.264	2.371	2.64	1.925	3.061	2.094	1.996	2.234	2.743	2.73	2.642	2.61	2.371	2.203	2.163	2.367	2.76	2.104	2.032	2.095	2.248	2.474	2.494	2.114	2.378	2.691	2.254	1.969	2.182	2.501	2.278	2.394	2.355	2.35	2.472	2.438	2.49888	1197584.0	1628391.219352
sub-99_T1w	2.595	2.474	2.456	3.204	2.907	2.907	2.861	2.82	3.078	2.784	1.916	3.122	2.755	2.752	2.733	3.082	3.501	3.503	2.706	2.205	3.039	2.027	2.878	2.703	2.993	2.878	2.415	2.365	3.067	2.575	2.507	3.055	2.621	3.056	3.506	2.953	3.13	3.328	2.512	2.572	2.582	2.036	3.364	1.895	2.032	2.421	3.018	3.0	2.856	2.788	2.415	2.388	2.277	2.534	2.625	2.376	2.253	2.453	2.33	2.733	2.533	2.446	2.72	2.763	2.4	1.646	2.373	2.659	2.587	2.319	2.497	2.727	2.685	2.35	2.66258	1349159.0	1600502.540228
