rh.aparc.a2009s.thickness	rh_G&S_frontomargin_thickness	rh_G&S_occipital_inf_thickness	rh_G&S_paracentral_thickness	rh_G&S_subcentral_thickness	rh_G&S_transv_frontopol_thickness	rh_G&S_cingul-Ant_thickness	rh_G&S_cingul-Mid-Ant_thickness	rh_G&S_cingul-Mid-Post_thickness	rh_G_cingul-Post-dorsal_thickness	rh_G_cingul-Post-ventral_thickness	rh_G_cuneus_thickness	rh_G_front_inf-Opercular_thickness	rh_G_front_inf-Orbital_thickness	rh_G_front_inf-Triangul_thickness	rh_G_front_middle_thickness	rh_G_front_sup_thickness	rh_G_Ins_lg&S_cent_ins_thickness	rh_G_insular_short_thickness	rh_G_occipital_middle_thickness	rh_G_occipital_sup_thickness	rh_G_oc-temp_lat-fusifor_thickness	rh_G_oc-temp_med-Lingual_thickness	rh_G_oc-temp_med-Parahip_thickness	rh_G_orbital_thickness	rh_G_pariet_inf-Angular_thickness	rh_G_pariet_inf-Supramar_thickness	rh_G_parietal_sup_thickness	rh_G_postcentral_thickness	rh_G_precentral_thickness	rh_G_precuneus_thickness	rh_G_rectus_thickness	rh_G_subcallosal_thickness	rh_G_temp_sup-G_T_transv_thickness	rh_G_temp_sup-Lateral_thickness	rh_G_temp_sup-Plan_polar_thickness	rh_G_temp_sup-Plan_tempo_thickness	rh_G_temporal_inf_thickness	rh_G_temporal_middle_thickness	rh_Lat_Fis-ant-Horizont_thickness	rh_Lat_Fis-ant-Vertical_thickness	rh_Lat_Fis-post_thickness	rh_Pole_occipital_thickness	rh_Pole_temporal_thickness	rh_S_calcarine_thickness	rh_S_central_thickness	rh_S_cingul-Marginalis_thickness	rh_S_circular_insula_ant_thickness	rh_S_circular_insula_inf_thickness	rh_S_circular_insula_sup_thickness	rh_S_collat_transv_ant_thickness	rh_S_collat_transv_post_thickness	rh_S_front_inf_thickness	rh_S_front_middle_thickness	rh_S_front_sup_thickness	rh_S_interm_prim-Jensen_thickness	rh_S_intrapariet&P_trans_thickness	rh_S_oc_middle&Lunatus_thickness	rh_S_oc_sup&transversal_thickness	rh_S_occipital_ant_thickness	rh_S_oc-temp_lat_thickness	rh_S_oc-temp_med&Lingual_thickness	rh_S_orbital_lateral_thickness	rh_S_orbital_med-olfact_thickness	rh_S_orbital-H_Shaped_thickness	rh_S_parieto_occipital_thickness	rh_S_pericallosal_thickness	rh_S_postcentral_thickness	rh_S_precentral-inf-part_thickness	rh_S_precentral-sup-part_thickness	rh_S_suborbital_thickness	rh_S_subparietal_thickness	rh_S_temporal_inf_thickness	rh_S_temporal_sup_thickness	rh_S_temporal_transverse_thickness	rh_MeanThickness_thickness	BrainSegVolNotVent	eTIV
sub-02_T1w	2.451	2.769	2.404	2.617	2.517	2.41	2.477	2.479	2.761	2.401	1.771	2.855	2.555	2.575	2.452	2.693	3.18	3.299	2.564	2.322	2.807	2.047	3.388	2.711	2.777	2.614	2.292	1.944	2.653	2.427	2.291	2.021	2.383	3.12	3.507	2.563	2.781	3.066	2.306	2.419	2.561	2.108	3.106	1.933	1.984	2.227	3.026	2.731	2.597	2.679	2.063	2.229	2.085	2.274	2.384	2.183	2.136	2.3	2.223	2.555	2.591	2.319	2.248	2.576	2.209	1.754	2.061	2.418	2.499	2.313	2.303	2.441	2.547	2.209	2.46147	1159860.0	1506696.560129
sub-03_T1w	2.485	2.775	2.408	2.887	2.374	2.676	2.697	2.593	3.089	2.972	1.902	2.77	2.948	3.046	2.633	2.709	3.459	3.418	2.725	2.356	3.188	2.003	3.185	2.714	2.694	2.815	2.442	2.067	2.922	2.636	2.629	2.542	2.712	3.245	3.411	2.634	3.062	3.395	2.661	2.316	2.523	2.116	3.207	2.121	2.001	2.155	2.873	2.865	2.659	2.709	2.635	2.241	2.238	2.368	2.195	2.128	2.383	2.269	2.447	2.601	2.446	2.388	2.266	2.599	2.354	2.152	2.115	2.401	2.402	2.127	2.386	2.577	2.541	2.196	2.54789	1248661.0	1608840.227484
sub-04_T1w	2.522	2.782	2.31	2.701	2.472	2.537	2.609	2.6	2.935	3.022	1.981	2.939	3.008	2.643	2.545	2.704	3.253	3.044	2.804	2.625	2.955	2.247	3.603	2.738	2.796	2.858	2.473	2.431	2.822	2.574	2.707	3.378	2.769	3.165	3.153	2.951	3.018	3.157	2.224	2.61	2.606	2.152	3.27	2.084	2.044	2.442	2.86	2.812	2.593	3.003	2.292	2.211	2.225	2.145	2.519	2.409	2.334	2.328	2.723	2.821	2.638	2.213	2.141	2.53	2.304	1.489	2.268	2.369	2.272	2.678	2.469	2.585	2.66	3.045	2.56816	1167578.0	1476609.131961
sub-05_T1w	2.383	2.749	2.551	2.929	2.528	2.299	2.498	2.568	2.928	3.134	2.023	2.709	2.97	2.927	2.696	2.744	3.34	3.599	2.914	2.51	3.072	2.353	3.46	2.625	2.789	2.952	2.38	2.5	3.043	2.85	2.503	2.392	2.923	3.304	3.589	2.595	2.98	3.149	2.206	2.223	2.631	2.135	3.835	2.079	1.925	2.215	2.823	3.022	2.801	3.032	2.576	2.085	2.021	2.237	2.294	2.333	2.188	2.456	2.47	2.571	2.583	1.972	1.917	2.589	2.429	1.895	2.083	2.375	2.41	2.346	2.461	2.532	2.571	2.698	2.56694	1241545.0	1632502.076998
sub-07_T1w	2.202	2.735	2.413	2.886	2.46	2.634	2.702	2.556	2.808	2.674	2.049	2.816	2.77	2.679	2.696	2.875	3.286	3.526	2.777	2.608	2.996	2.322	3.33	2.645	2.769	2.801	2.277	2.288	2.947	2.535	2.493	2.389	2.651	3.188	3.427	2.798	2.981	2.823	2.242	2.479	2.503	2.163	3.281	2.253	2.062	2.198	2.865	2.667	2.761	2.853	2.366	2.315	2.262	2.343	2.672	2.212	2.41	2.278	2.604	2.69	2.451	2.056	2.222	2.627	2.203	1.692	2.259	2.518	2.372	2.112	2.383	2.547	2.584	2.599	2.57827	1223977.0	1571871.79983
sub-08_T1w	2.386	2.507	2.291	2.731	2.576	2.704	2.673	2.564	3.097	2.797	1.994	2.979	2.881	2.859	2.627	2.725	2.974	3.058	2.596	2.257	2.992	1.989	3.579	2.901	2.742	2.691	2.329	2.142	2.772	2.573	2.455	2.909	2.656	3.144	3.149	2.718	2.975	3.047	2.512	2.79	2.467	1.975	3.27	1.928	1.927	2.125	2.791	2.58	2.853	2.631	2.241	2.256	2.117	2.365	2.195	2.194	2.097	2.284	2.342	2.465	2.582	2.083	2.129	2.501	2.335	1.828	2.092	2.542	2.421	2.524	2.268	2.471	2.57	2.698	2.51729	1061280.0	1358020.078451
sub-09_T1w	2.217	2.875	2.293	2.791	2.674	2.735	2.764	2.579	2.944	2.726	2.022	2.877	2.958	2.725	2.601	2.821	3.608	3.716	2.939	2.67	2.931	2.329	3.46	2.856	2.957	2.832	2.577	2.316	2.933	2.54	2.515	2.541	2.806	3.437	3.371	2.995	3.119	3.166	2.098	2.352	2.583	2.411	3.72	2.106	2.0	2.35	3.025	2.907	2.608	2.94	2.537	2.327	2.227	2.303	2.418	2.386	2.412	2.577	2.444	2.683	2.827	2.064	2.184	2.592	2.486	1.912	2.067	2.401	2.326	2.501	2.465	2.818	2.636	3.059	2.63453	986071.0	1247254.685053
sub-100_T1w	2.41	2.678	2.272	2.759	2.503	2.794	2.834	2.756	3.174	2.857	2.059	2.996	2.858	2.792	2.641	2.855	2.882	3.484	2.797	2.347	3.001	2.254	3.477	3.1	2.811	2.928	2.237	2.211	2.827	2.493	2.423	2.261	2.898	3.095	3.528	2.65	3.096	3.197	2.671	3.103	2.584	1.946	3.157	2.142	1.866	2.361	3.364	2.966	2.916	3.032	2.286	2.232	2.18	2.354	2.071	2.139	2.296	2.333	2.32	2.78	2.577	2.41	2.231	2.873	2.305	1.783	2.249	2.487	2.479	2.903	2.475	2.65	2.703	2.937	2.59637	1087052.0	1408507.672066
sub-101_T1w	2.231	2.619	2.446	2.753	2.38	2.546	2.648	2.671	2.836	3.028	1.919	2.718	2.603	2.695	2.564	2.741	2.94	3.263	2.584	2.318	2.83	2.05	3.39	2.671	2.634	2.796	2.522	2.31	2.903	2.554	2.502	1.728	2.434	3.24	3.296	2.782	2.832	3.121	2.221	2.514	2.392	1.923	3.366	2.134	2.071	2.21	2.79	2.761	2.606	2.518	2.229	2.296	2.254	2.414	2.325	2.219	2.086	2.155	2.27	2.364	2.535	1.995	2.287	2.46	2.328	2.026	2.085	2.431	2.501	2.309	2.498	2.66	2.64	2.474	2.50455	1248051.0	1590127.329349
sub-102_T1w	2.246	2.614	2.402	2.713	2.451	2.411	2.56	2.536	3.104	2.796	1.831	2.794	2.959	2.694	2.471	2.684	2.949	3.452	2.927	2.38	2.723	1.906	3.281	2.564	2.74	2.888	2.512	2.14	2.895	2.783	2.471	2.542	2.399	3.109	3.313	2.817	3.106	3.097	2.235	2.196	2.409	2.136	3.193	1.963	1.984	2.395	2.717	2.823	2.564	2.809	2.171	2.16	2.008	2.314	2.343	2.22	2.412	2.501	2.606	2.536	2.457	2.27	2.12	2.41	2.34	1.723	2.238	2.373	2.311	2.336	2.397	2.526	2.601	2.379	2.51645	1177257.0	1512891.138686
sub-103_T1w	2.187	2.672	2.26	2.347	2.229	2.366	2.502	2.452	2.784	2.914	2.158	2.499	2.388	2.32	2.407	2.489	2.983	2.908	2.556	2.222	2.648	2.704	2.816	2.345	2.631	2.485	2.312	2.201	2.331	2.464	2.286	2.977	2.262	2.761	2.912	2.166	2.632	2.673	2.132	2.788	2.487	2.114	2.85	2.132	2.181	2.476	2.697	2.656	2.611	2.602	2.227	2.211	2.117	2.46	2.408	2.242	2.461	2.334	2.06	2.551	2.325	1.878	1.926	2.433	2.386	1.496	2.214	2.342	2.437	2.344	2.52	2.36	2.491	2.829	2.4198	1237210.0	1780515.358643
sub-104_T1w	2.193	2.486	2.617	2.948	2.382	2.682	2.858	2.659	3.063	2.817	1.961	3.063	2.839	2.81	2.762	2.869	3.041	3.501	2.735	2.364	2.898	2.042	3.633	2.631	2.767	2.927	2.412	2.354	2.924	2.756	2.476	2.42	2.832	3.168	2.878	2.629	2.773	2.913	2.602	2.486	2.635	2.149	2.705	1.996	2.146	2.309	2.92	2.681	2.798	2.454	2.299	2.272	2.251	2.444	2.334	2.193	2.213	2.274	2.273	2.677	2.421	1.893	2.101	2.583	2.295	1.689	2.058	2.562	2.42	2.155	2.35	2.327	2.455	2.616	2.53554	1077467.0	1227543.045886
sub-105_T1w	2.115	2.614	2.223	2.574	2.361	2.458	2.706	2.578	2.809	2.113	1.995	2.797	2.936	2.703	2.317	2.609	3.038	3.542	2.515	2.28	2.916	2.03	3.173	2.575	2.617	2.694	2.255	2.207	2.562	2.356	2.33	2.445	2.694	3.179	2.976	2.674	2.725	2.942	1.997	2.626	2.556	2.013	3.288	1.854	1.787	2.12	2.935	2.942	2.621	2.688	2.094	1.972	1.957	2.206	2.169	1.966	2.005	2.336	2.421	2.184	2.374	1.754	1.872	2.25	2.184	1.571	1.964	2.251	2.137	1.675	2.354	2.358	2.483	2.488	2.40552	1219161.0	1481177.594909
sub-106_T1w	2.566	2.745	2.398	2.685	2.545	2.457	2.746	2.63	2.882	2.96	1.955	2.946	2.809	2.683	2.485	2.643	3.242	3.522	2.633	2.312	2.973	2.263	3.467	2.792	2.679	2.761	2.403	2.28	2.857	2.528	2.772	2.847	2.552	3.32	3.355	2.66	3.143	3.099	2.138	2.683	2.692	2.091	3.263	2.24	1.974	2.227	2.62	2.929	2.629	2.832	2.395	2.307	2.079	2.333	2.416	2.244	2.233	2.219	2.541	2.541	2.65	1.849	2.318	2.445	2.35	2.275	2.283	2.512	2.302	2.291	2.405	2.542	2.608	2.227	2.56957	1307269.0	1755435.775693
sub-107_T1w	2.449	2.962	2.42	2.792	2.618	2.784	2.927	2.765	3.331	2.64	1.913	3.239	3.11	2.887	2.732	3.002	3.448	3.689	2.813	2.217	3.011	2.225	3.195	2.794	2.79	2.868	2.457	2.259	2.963	2.687	2.62	2.009	2.778	3.375	3.192	2.774	2.911	3.234	2.453	3.029	2.448	2.16	3.516	2.237	2.067	2.27	2.837	2.984	2.667	2.797	2.601	2.443	2.312	2.619	2.221	2.18	2.164	2.16	2.402	2.513	2.65	2.185	2.351	2.58	2.227	1.94	2.267	2.394	2.335	3.072	2.595	2.536	2.654	3.107	2.63556	1132347.0	1531688.69094
sub-108_T1w	2.249	2.42	2.496	2.805	2.682	2.535	2.71	2.471	2.932	2.567	1.923	2.812	2.963	2.728	2.652	2.775	3.396	3.433	2.693	2.264	2.888	2.18	3.45	2.743	2.651	2.827	2.419	2.208	2.726	2.563	2.419	2.005	2.691	3.076	3.043	2.73	3.112	2.966	2.371	2.673	2.605	2.049	3.249	1.984	1.895	2.235	2.669	2.999	2.517	2.757	2.399	2.327	2.209	2.586	2.279	2.185	2.225	2.341	2.36	2.528	2.607	2.16	2.303	2.664	2.424	1.554	2.303	2.423	2.544	2.497	2.44	2.433	2.516	2.687	2.52736	1304962.0	1700354.460519
sub-109_T1w	2.41	2.475	2.345	2.747	2.473	2.611	2.56	2.454	2.837	2.912	2.019	2.796	2.987	2.911	2.561	2.729	3.189	3.137	2.642	2.351	2.828	2.335	3.169	2.909	2.701	2.628	2.475	2.042	2.882	2.614	2.434	2.089	2.768	3.346	3.403	2.727	3.064	3.288	2.492	2.383	2.598	2.174	3.396	2.109	2.078	2.283	3.018	2.627	2.689	2.86	2.402	2.195	2.212	2.429	2.136	2.186	2.182	2.242	2.378	2.605	2.519	2.397	2.283	2.512	2.399	1.643	2.013	2.619	2.346	1.936	2.384	2.558	2.563	2.605	2.5523	1336908.0	1858850.630764
sub-10_T1w	2.521	2.755	2.65	2.916	2.807	2.615	3.031	2.793	2.942	2.796	2.124	3.021	3.163	2.684	2.685	3.128	3.351	3.648	2.779	2.524	2.968	2.318	3.668	3.033	2.774	3.024	2.415	2.555	3.03	2.741	2.643	3.043	3.063	3.34	3.347	3.04	2.961	3.188	2.628	2.298	2.689	2.149	3.168	2.098	2.067	2.446	3.013	2.921	2.872	2.775	2.312	2.527	2.24	2.486	2.566	2.439	2.274	2.402	2.395	2.564	2.988	2.285	2.112	2.82	2.624	2.251	2.375	2.684	2.629	2.087	2.382	2.621	2.668	3.136	2.68849	1157077.0	1467859.151147
sub-110_T1w	2.1	2.89	2.595	2.881	2.443	2.51	2.669	2.629	3.05	3.148	2.024	2.879	2.765	2.941	2.671	2.736	3.098	3.475	2.782	2.507	2.957	2.413	3.349	2.737	2.979	2.89	2.592	2.424	2.975	2.564	2.501	1.965	2.643	3.221	3.213	2.785	2.969	3.137	2.369	2.535	2.59	2.134	3.2	2.124	2.099	2.416	2.72	2.92	2.676	2.77	2.198	2.386	2.046	2.427	2.544	2.445	2.18	2.346	2.408	2.564	2.585	2.312	2.016	2.427	2.343	2.044	2.237	2.557	2.464	2.557	2.339	2.674	2.755	2.592	2.62266	1302771.0	1484491.821023
sub-111_T1w	2.295	2.855	2.435	2.747	2.476	2.501	2.64	2.395	3.053	2.738	1.791	2.768	2.85	2.728	2.688	2.726	3.181	3.297	2.602	2.262	2.934	2.154	3.199	2.965	2.682	2.776	2.33	2.261	2.777	2.377	2.682	1.827	2.584	3.079	3.132	2.545	3.188	3.192	2.39	2.212	2.647	2.13	3.604	1.985	1.959	2.28	2.869	2.847	2.837	2.601	2.18	2.261	2.252	2.272	2.313	2.147	2.183	2.174	2.353	2.479	2.495	2.283	2.418	2.53	2.154	2.485	2.173	2.475	2.405	2.741	2.187	2.572	2.538	2.186	2.52528	1032564.0	1383976.377949
sub-112_T1w	2.242	2.799	2.574	2.643	2.477	2.63	2.528	2.558	2.788	2.329	2.048	2.82	2.902	2.665	2.58	2.74	3.41	3.4	2.708	2.364	3.047	2.241	3.277	2.98	2.652	2.756	2.368	2.185	2.852	2.449	2.501	2.504	2.919	3.201	3.68	2.936	3.202	3.186	2.386	2.284	2.615	2.348	3.38	2.078	1.992	2.295	2.881	2.864	2.815	2.764	2.258	2.202	2.124	2.379	2.266	2.227	2.306	2.214	2.534	2.566	2.591	1.963	2.384	2.565	2.169	2.05	2.134	2.527	2.397	2.744	2.415	2.579	2.537	2.47	2.57173	1115651.0	1407248.674373
sub-113_T1w	2.335	2.941	2.314	2.58	2.434	2.51	2.57	2.621	2.91	2.743	2.001	2.766	2.809	2.562	2.563	2.656	2.932	3.401	2.608	2.39	2.974	2.288	3.54	2.833	2.768	2.731	2.377	2.395	2.781	2.532	2.44	2.918	2.519	3.084	3.168	2.516	3.016	3.078	2.182	2.163	2.414	1.955	3.419	2.025	2.004	2.307	3.114	2.529	2.642	2.751	2.162	2.291	2.252	2.243	2.188	2.139	2.422	2.339	2.423	2.572	2.615	2.192	2.257	2.648	2.325	1.59	2.195	2.425	2.319	2.26	2.23	2.752	2.557	2.754	2.52025	1197914.0	1650164.838429
sub-114_T1w	2.505	2.549	2.172	2.974	2.388	2.564	2.718	2.722	2.842	2.549	1.994	3.039	2.849	2.517	2.576	2.813	3.236	3.623	2.664	2.604	3.028	2.454	3.275	2.938	2.67	2.922	2.335	2.276	2.97	2.494	2.625	3.026	2.785	3.339	3.566	2.825	3.088	3.141	2.378	2.585	2.773	2.394	3.503	2.123	1.922	2.12	3.041	2.973	2.702	2.97	2.371	2.459	2.09	2.347	2.498	1.996	2.058	2.127	2.575	2.456	2.456	2.528	2.296	2.703	2.219	1.581	2.16	2.391	2.367	2.297	2.352	2.642	2.534	2.475	2.57783	1182110.0	1508985.043433
sub-115_T1w	2.253	2.457	2.132	2.576	2.294	2.521	2.494	2.417	2.821	2.674	2.095	2.919	2.926	2.467	2.614	2.593	2.798	3.688	2.723	2.383	3.031	2.23	3.529	2.702	2.628	2.7	2.232	2.132	2.766	2.429	2.353	2.211	2.359	3.081	3.599	2.507	2.819	3.043	2.74	2.848	2.486	2.144	3.439	2.222	1.939	2.167	2.837	2.688	2.697	2.552	2.268	2.223	2.129	2.245	2.791	2.155	2.512	2.111	2.454	2.436	2.638	2.216	2.269	2.465	2.435	2.042	2.062	2.542	2.278	2.269	2.347	2.744	2.582	2.341	2.49622	1081631.0	1413250.02207
sub-116_T1w	2.541	2.642	2.606	2.863	2.373	2.532	2.634	2.618	3.084	3.102	2.053	2.824	3.018	2.846	2.632	2.721	3.515	3.224	2.712	2.379	2.659	2.235	3.18	2.96	2.66	2.589	2.427	2.218	2.708	2.481	2.563	2.441	2.87	3.11	3.582	2.877	2.837	2.898	2.68	2.491	2.51	2.155	3.362	2.128	1.999	2.372	2.61	2.807	2.687	2.966	2.262	2.332	2.079	2.17	2.1	2.043	2.253	2.099	2.054	2.267	2.314	2.243	2.232	2.445	2.317	1.735	2.063	2.783	2.353	1.843	2.244	2.591	2.419	3.176	2.51486	1033088.0	1390660.727667
sub-117_T1w	2.384	2.301	2.103	2.722	2.49	2.563	2.649	2.475	2.784	3.019	1.871	2.59	2.602	2.385	2.384	2.584	3.771	3.114	2.519	2.201	2.791	2.232	3.233	2.586	2.613	2.682	2.198	2.052	2.6	2.295	2.265	2.504	2.519	3.035	2.991	2.509	2.796	2.968	2.114	2.172	2.512	2.063	3.429	2.055	1.991	2.292	2.634	2.762	2.567	2.735	2.107	2.148	2.083	2.268	2.318	2.02	1.934	2.201	2.319	2.632	2.686	1.988	2.224	2.552	2.225	2.309	1.958	2.432	2.15	2.434	2.225	2.622	2.492	2.777	2.43047	1040009.0	1379521.879508
sub-118_T1w	2.243	2.786	2.376	2.653	2.439	2.514	2.59	2.598	2.743	3.043	1.973	2.678	2.674	2.544	2.562	2.739	2.891	3.45	2.486	2.282	2.929	2.205	2.897	2.624	2.733	2.75	2.408	2.208	2.681	2.418	2.577	2.505	2.736	3.067	3.312	2.86	3.086	2.995	2.332	2.636	2.562	2.123	3.177	2.155	2.061	2.176	3.059	2.948	2.736	2.597	2.386	2.373	2.262	2.467	2.1	2.241	2.372	2.219	2.425	2.513	2.612	2.292	2.294	2.67	2.288	1.729	2.219	2.508	2.359	2.223	2.279	2.679	2.58	2.514	2.52434	1180884.0	1509446.112053
sub-119_T1w	2.547	2.75	2.355	2.945	2.742	2.656	2.747	2.651	3.081	2.792	2.237	2.823	3.161	2.915	2.684	2.829	2.964	3.385	2.663	2.277	2.912	2.362	3.342	2.949	2.751	2.922	2.499	2.386	3.001	2.662	2.434	3.101	2.732	3.361	3.326	2.696	3.07	3.145	2.378	2.321	2.6	2.043	3.365	2.329	2.044	2.37	2.892	2.985	2.764	2.77	2.353	2.329	2.418	2.305	2.31	2.233	2.354	2.188	2.458	2.686	2.664	2.265	2.403	2.566	2.231	1.995	2.143	2.48	2.432	2.4	2.442	2.603	2.493	3.256	2.61037	1067793.0	1325809.514041
sub-11_T1w	2.35	2.623	2.235	2.647	2.381	2.497	2.634	2.617	2.877	2.551	1.82	2.766	2.456	2.617	2.568	2.724	3.02	3.38	2.524	2.338	2.943	2.116	3.384	2.544	2.555	2.831	2.375	2.119	2.8	2.538	2.225	1.811	2.796	3.262	3.377	2.88	2.921	3.096	2.207	2.628	2.501	2.056	3.128	1.876	1.903	2.344	2.607	2.772	2.525	2.797	1.974	2.184	2.145	2.357	2.19	2.128	2.035	2.142	2.559	2.561	2.529	1.86	2.086	2.465	2.332	1.946	2.158	2.358	2.38	2.214	2.319	2.569	2.631	2.926	2.48605	1251091.0	1701729.530821
sub-120_T1w	2.308	2.223	2.214	2.358	2.258	2.507	2.702	2.649	2.886	2.919	1.855	2.521	2.644	2.399	2.442	2.625	2.907	2.625	2.455	2.086	2.657	2.178	3.064	2.513	2.427	2.625	2.228	1.987	2.507	2.516	2.519	2.451	2.538	2.653	2.916	2.439	2.676	2.923	2.129	2.421	2.361	1.832	3.033	2.052	1.894	2.18	2.838	2.614	2.569	2.378	2.134	2.248	2.304	2.325	2.312	2.117	1.938	2.16	2.225	2.34	2.426	2.009	2.094	2.194	2.274	1.734	2.083	2.21	2.319	2.296	2.344	2.379	2.502	2.1	2.38149	1311964.0	1716375.29938
sub-121_T1w	2.581	3.141	2.531	3.07	2.653	2.725	2.824	2.67	2.979	3.237	2.085	3.06	3.097	2.744	2.737	2.94	3.525	3.888	2.837	2.367	3.121	2.321	3.622	3.163	2.821	3.005	2.506	2.475	2.988	2.585	2.637	2.727	2.709	3.499	3.365	2.815	3.125	3.292	2.617	2.583	2.786	2.368	3.359	2.209	2.22	2.367	3.045	3.02	2.949	2.784	2.437	2.29	2.186	2.359	2.526	2.279	2.298	2.347	2.395	2.682	2.667	2.135	2.251	2.581	2.445	2.604	2.187	2.505	2.47	2.868	2.571	2.652	2.84	2.991	2.71121	1138891.0	1448685.827208
sub-122_T1w	2.284	2.606	2.523	2.634	2.5	2.573	2.56	2.579	3.047	2.953	2.066	2.929	3.0	2.746	2.705	2.836	2.773	3.409	2.607	2.393	2.643	2.128	3.164	2.803	2.764	2.952	2.445	2.403	3.008	2.419	2.527	1.818	2.697	3.143	3.217	2.495	2.808	3.198	2.191	2.34	2.32	2.04	3.47	2.144	2.226	2.308	2.816	2.551	2.672	2.684	2.288	2.276	2.302	2.445	2.432	2.238	2.154	2.223	2.412	2.359	2.609	2.332	2.346	2.42	2.346	1.502	2.277	2.467	2.479	2.414	2.323	2.636	2.57	2.981	2.53787	1187257.0	1578900.300589
sub-123_T1w	2.357	2.523	2.418	2.964	2.537	2.643	2.568	2.534	2.954	2.855	2.112	3.047	3.057	2.697	2.76	2.863	3.215	3.215	2.749	2.514	2.677	2.18	3.47	2.904	2.983	3.035	2.563	2.369	2.885	2.503	2.582	1.625	2.962	3.459	3.437	2.826	3.018	3.077	2.319	2.999	2.5	2.232	3.282	2.292	2.052	2.345	3.032	2.755	2.707	2.681	2.431	2.468	2.306	2.355	2.613	2.305	2.239	2.385	2.624	2.723	2.411	2.094	2.544	2.647	2.368	1.682	2.446	2.646	2.326	2.374	2.536	2.75	2.638	2.637	2.6182	1111571.0	1489965.017828
sub-124_T1w	2.237	2.551	2.409	2.699	2.417	2.476	2.634	2.515	2.788	2.699	1.903	3.002	2.994	2.468	2.586	2.81	3.239	2.911	2.632	2.411	2.872	2.232	2.867	2.743	2.629	2.731	2.421	2.164	2.972	2.501	2.578	2.738	2.672	2.945	3.377	2.643	2.839	2.918	2.509	2.703	2.571	2.086	3.315	2.001	2.058	2.243	3.003	2.849	2.816	2.78	2.188	2.334	2.036	2.349	2.331	2.256	2.318	2.249	2.407	2.437	2.506	2.071	2.084	2.574	2.445	1.887	2.238	2.457	2.586	2.289	2.469	2.331	2.525	2.78	2.5237	1255039.0	1684546.235162
sub-125_T1w	2.346	2.547	2.399	2.789	2.423	2.534	2.635	2.468	2.87	2.911	1.967	2.782	3.24	2.7	2.627	2.719	3.273	3.624	2.631	2.423	2.855	2.164	3.328	2.739	2.708	2.71	2.335	2.356	2.831	2.543	2.522	2.14	2.562	2.927	2.831	2.415	2.964	3.153	2.565	2.466	2.508	2.207	3.36	2.129	2.044	2.303	3.04	2.702	2.715	2.616	2.376	2.224	2.098	2.291	2.383	2.172	2.228	2.15	2.477	2.677	2.534	2.289	2.272	2.464	2.276	1.815	2.153	2.416	2.246	2.228	2.267	2.593	2.468	2.543	2.51206	1200329.0	1624390.136827
sub-126_T1w	2.355	2.634	2.2	2.445	2.334	2.562	2.57	2.531	2.647	2.619	1.847	2.668	2.639	2.651	2.533	2.719	3.207	3.229	2.677	2.275	2.881	2.042	3.323	2.513	2.706	2.88	2.251	2.07	2.868	2.399	2.365	1.92	2.557	2.866	2.857	2.752	2.88	2.994	2.232	2.444	2.51	2.01	3.471	2.11	1.877	2.196	2.892	2.937	2.688	2.671	2.459	2.19	2.067	2.256	2.312	2.1	2.423	2.298	2.521	2.615	2.66	2.129	2.102	2.45	2.262	1.57	2.003	2.52	2.308	2.539	2.383	2.505	2.546	2.439	2.47347	1100126.0	1413479.218166
sub-127_T1w	2.536	2.462	2.415	2.765	2.402	2.626	2.648	2.587	2.925	2.682	2.136	2.711	2.554	2.527	2.551	2.777	3.432	3.511	2.772	2.551	2.956	2.203	2.941	2.9	2.736	2.692	2.495	2.238	2.726	2.576	2.879	2.019	2.734	3.243	3.371	2.429	3.034	2.899	2.253	2.375	2.539	2.026	3.291	2.078	2.024	2.285	2.713	2.869	2.677	3.06	2.485	2.199	2.162	2.272	2.689	2.173	2.186	2.087	2.441	2.554	2.454	2.008	2.48	2.58	2.4	1.801	2.153	2.356	2.263	2.426	2.434	2.482	2.626	2.889	2.53961	1181079.0	1587883.270556
sub-128_T1w	2.469	2.584	2.145	3.089	2.603	2.596	2.698	2.486	2.78	2.779	1.839	2.79	2.942	2.582	2.505	2.654	3.188	3.173	2.613	2.22	3.046	2.167	3.322	2.828	2.722	2.678	2.281	2.173	2.712	2.437	2.652	1.568	2.697	3.14	3.204	2.892	3.078	3.126	2.467	2.587	2.715	1.97	3.209	1.992	1.832	2.302	2.687	2.683	2.773	2.631	2.382	2.399	2.237	2.31	2.631	2.143	2.032	2.19	2.379	2.598	2.632	2.245	2.381	2.561	2.339	1.882	2.102	2.418	2.379	2.455	2.172	2.664	2.563	2.96	2.51084	1088012.0	1417913.928254
sub-129_T1w	2.684	2.869	2.329	2.754	2.567	2.742	2.882	2.654	3.013	2.736	2.231	3.023	2.926	2.853	2.597	2.88	3.044	3.261	2.841	2.597	3.208	2.198	3.367	2.998	2.95	2.999	2.337	2.125	2.37	2.732	2.881	2.322	2.335	3.261	2.796	2.802	3.051	3.469	2.367	2.789	2.713	2.367	3.182	2.237	1.892	2.433	3.002	2.969	2.791	2.845	2.7	2.433	2.374	2.558	2.705	2.35	2.447	2.597	2.825	2.769	2.804	2.248	2.398	2.648	2.48	1.731	2.305	2.332	2.652	2.365	2.546	2.848	2.758	2.785	2.65403	1161799.0	1455690.642016
sub-130_T1w	2.242	2.603	2.285	2.571	2.432	2.426	2.545	2.48	2.632	2.581	1.894	2.798	2.713	2.568	2.573	2.785	3.203	3.437	2.65	2.353	2.956	2.012	2.853	2.606	2.652	2.627	2.325	2.112	2.874	2.489	2.546	1.756	2.441	3.013	3.047	2.632	2.682	2.901	2.061	2.375	2.42	2.21	3.319	1.866	1.947	2.118	2.86	2.703	2.752	2.684	2.207	2.268	2.169	2.36	2.532	2.096	2.154	2.141	2.183	2.286	2.512	2.073	2.453	2.604	2.186	2.101	2.051	2.581	2.404	2.547	2.371	2.405	2.547	2.449	2.46447	1289544.0	1732718.177745
sub-131_T1w	2.348	2.819	2.371	2.645	2.45	2.664	2.842	2.701	3.016	3.113	1.844	2.689	2.975	2.833	2.582	2.748	3.319	2.968	2.528	2.304	2.826	2.014	3.311	2.801	2.581	2.601	2.114	2.16	2.524	2.432	2.615	3.088	2.559	3.057	3.436	2.5	3.146	2.931	2.553	2.772	2.524	2.138	3.281	2.095	1.887	2.072	2.738	2.954	2.809	2.56	2.192	2.346	2.408	2.259	2.282	2.077	2.14	2.182	2.334	2.602	2.368	2.19	2.381	2.53	2.339	1.881	1.978	2.425	2.165	2.35	2.425	2.398	2.452	2.266	2.48539	1154053.0	1507866.854803
sub-132_T1w	2.303	2.555	2.482	2.696	2.507	2.655	2.654	2.553	2.995	2.922	2.098	2.821	2.651	2.707	2.599	2.818	3.116	3.355	2.775	2.482	2.786	2.491	3.546	3.058	2.743	3.053	2.499	2.37	2.968	2.624	2.525	2.648	2.492	3.415	3.351	2.916	3.061	3.305	2.335	2.811	2.648	2.078	3.762	2.233	2.18	2.345	2.818	2.665	2.6	2.706	2.403	2.261	2.188	2.302	2.275	2.277	2.491	2.207	2.655	2.426	2.591	2.038	2.185	2.526	2.487	1.567	2.395	2.381	2.589	2.198	2.458	2.662	2.717	2.693	2.62047	1122352.0	1486808.389252
sub-133_T1w	2.386	2.663	2.308	2.733	2.282	2.371	2.594	2.528	2.82	2.744	1.993	2.781	2.707	2.793	2.582	2.679	3.189	3.391	2.642	2.472	3.045	2.197	3.158	2.824	2.641	2.754	2.258	2.195	2.872	2.478	2.348	2.079	2.462	3.268	3.353	3.116	2.964	3.234	2.089	2.754	2.573	2.127	3.587	2.159	2.111	2.341	2.893	2.904	2.73	2.987	2.65	2.305	2.245	2.351	2.224	2.159	2.359	2.354	2.454	2.578	2.569	2.267	2.084	2.618	2.306	1.779	2.135	2.563	2.312	2.21	2.259	2.687	2.589	2.524	2.53246	1272307.0	1655249.161679
sub-134_T1w	2.354	3.004	2.126	2.88	2.466	2.59	2.682	2.492	2.668	2.794	1.941	2.826	2.86	2.584	2.426	2.673	3.185	3.429	2.682	2.231	2.871	2.185	3.558	2.882	2.641	2.807	2.358	2.115	2.647	2.473	2.438	2.863	2.557	3.201	3.381	2.682	2.894	3.119	2.285	2.424	2.503	2.099	3.303	2.12	1.894	2.183	2.727	2.913	2.838	2.742	2.297	2.205	2.264	2.151	2.265	2.1	2.159	2.211	2.533	2.498	2.592	2.075	2.516	2.491	2.302	2.296	2.039	2.292	2.181	2.432	2.178	2.516	2.506	2.792	2.51234	1112347.0	1425625.084638
sub-135_T1w	2.189	2.852	2.413	2.78	2.474	2.51	2.512	2.652	2.794	2.729	1.862	2.884	2.774	2.531	2.491	2.739	3.094	3.093	2.717	2.302	2.877	1.621	2.888	2.619	2.485	2.646	2.324	2.262	2.682	2.585	2.421	2.984	2.46	2.917	3.278	2.516	2.817	3.137	2.164	2.98	2.614	2.007	3.106	1.563	1.858	2.342	2.702	2.642	2.735	2.647	2.24	2.222	2.237	2.189	2.26	2.087	2.122	2.289	2.565	2.624	2.28	1.899	2.353	2.604	2.31	1.729	2.116	2.519	2.321	2.999	2.502	2.658	2.524	2.429	2.48315	1215097.0	1538819.858118
sub-136_T1w	2.495	2.406	2.564	2.863	2.681	2.607	2.78	2.594	2.851	2.698	2.047	2.83	3.073	2.682	2.662	2.771	2.927	3.174	2.785	2.5	3.03	2.09	3.584	2.567	2.7	2.739	2.44	2.329	2.767	2.617	2.328	2.906	2.476	3.315	3.598	2.626	3.151	3.015	2.523	2.419	2.536	2.144	3.334	2.284	2.004	2.293	3.084	3.255	2.599	2.604	2.312	2.378	2.25	2.459	2.387	2.149	2.345	2.28	2.424	2.742	2.588	2.321	2.2	2.678	2.487	2.18	2.15	2.449	2.563	2.599	2.353	2.534	2.62	2.572	2.58218	1099418.0	1403185.563434
sub-137_T1w	2.49	2.636	2.693	2.852	2.845	2.704	2.823	2.678	3.049	2.941	1.904	2.819	3.215	2.832	2.997	2.945	3.288	3.369	2.952	2.315	2.897	2.117	3.605	3.13	2.772	3.011	2.549	2.359	3.066	2.771	2.779	2.011	2.672	3.585	3.8	2.943	2.962	3.234	2.353	2.392	2.676	2.075	4.03	2.154	2.046	2.377	3.134	3.073	2.828	3.023	2.428	2.49	2.307	2.551	2.695	2.435	2.43	2.316	2.501	2.508	2.491	2.651	2.497	2.648	2.346	2.092	2.449	2.578	2.63	2.039	2.47	2.589	2.791	2.913	2.70135	1153554.0	1517800.842741
sub-138_T1w	2.306	2.887	2.305	2.749	2.527	2.606	2.511	2.451	2.827	2.697	2.039	2.97	2.885	2.676	2.652	2.709	3.26	3.18	2.716	2.257	2.895	2.274	3.118	2.816	2.683	2.768	2.349	2.18	2.737	2.485	2.673	2.643	2.735	3.023	3.208	2.576	2.929	3.118	2.251	2.428	2.478	2.219	3.317	2.011	2.003	2.295	2.404	2.801	2.764	2.537	2.293	2.238	2.223	2.406	2.262	2.168	2.169	2.23	2.179	2.685	2.464	2.304	2.228	2.557	2.509	2.096	2.23	2.433	2.486	2.215	2.165	2.741	2.543	2.433	2.53372	1096421.0	1403759.902505
sub-139_T1w	2.55	2.784	2.423	3.176	2.611	2.981	2.872	2.817	3.044	2.942	2.148	2.99	3.117	3.023	2.794	3.126	2.915	3.432	2.787	2.564	3.203	2.229	3.388	2.974	2.757	2.821	2.635	2.317	3.261	2.512	2.582	2.538	3.031	3.658	3.429	2.663	3.146	3.334	2.662	2.724	2.693	2.142	3.582	2.241	2.134	2.145	3.002	2.811	2.91	3.108	2.24	2.543	2.543	2.632	2.453	2.196	2.328	2.252	2.53	2.91	2.702	2.483	2.267	2.85	2.408	1.718	2.122	2.682	2.6	2.553	2.306	2.67	2.716	3.134	2.69667	1213003.0	1583990.408806
sub-13_T1w	2.32	2.682	2.438	2.86	2.469	2.456	2.584	2.655	3.062	2.922	2.015	2.731	2.9	2.68	2.652	2.829	3.15	3.488	2.758	2.656	3.074	2.085	3.394	2.619	2.763	2.771	2.538	2.338	2.811	2.684	2.402	2.825	2.662	2.953	3.024	2.392	3.297	3.202	2.225	2.249	2.485	2.242	3.226	2.223	2.031	2.347	2.379	2.618	2.645	2.764	2.617	2.216	1.934	2.175	2.082	2.314	2.478	2.305	2.747	2.565	2.693	1.923	2.29	2.484	2.397	2.077	2.078	2.304	2.446	2.493	2.489	2.592	2.629	2.771	2.56525	1071905.0	1417512.115888
sub-140_T1w	2.183	2.463	2.383	2.805	2.495	2.567	2.587	2.568	2.949	2.725	1.978	2.679	2.593	2.677	2.697	2.791	3.131	3.019	2.683	2.407	2.832	2.362	3.016	2.8	2.712	2.777	2.303	2.422	2.769	2.561	2.527	1.77	2.575	3.321	3.4	2.739	2.942	3.105	2.192	2.176	2.409	2.196	3.222	2.099	1.928	2.265	2.596	2.59	2.512	2.639	2.223	2.116	2.156	2.253	2.202	2.07	2.089	2.175	2.512	2.446	2.479	2.267	2.41	2.52	2.249	1.665	2.125	2.418	2.34	2.311	2.209	2.655	2.603	2.729	2.52065	1107778.0	1531295.289448
sub-141_T1w	2.479	2.581	2.467	2.929	2.411	2.582	2.707	2.446	2.724	3.003	2.148	2.957	2.908	2.92	2.589	2.78	3.769	3.556	2.749	2.202	2.953	2.381	3.641	2.963	2.784	2.988	2.363	2.327	2.848	2.613	2.672	1.74	2.437	3.18	3.278	2.69	3.233	3.196	2.651	2.515	2.558	2.051	3.51	2.163	1.969	2.171	2.586	2.919	2.876	2.76	2.145	2.303	2.084	2.314	2.715	1.995	2.053	2.216	2.094	2.526	2.657	2.115	2.251	2.649	2.217	1.831	2.063	2.292	2.447	2.278	2.231	2.635	2.557	2.941	2.56094	1171550.0	1590199.279866
sub-142_T1w	2.159	2.777	2.311	2.701	2.465	2.621	2.56	2.56	2.765	2.894	1.918	2.874	2.893	2.602	2.698	2.737	2.775	3.311	2.584	2.255	2.719	2.165	3.437	2.644	2.683	2.732	2.197	2.172	2.667	2.384	2.362	1.979	2.629	3.279	3.509	2.61	2.876	3.011	2.402	2.417	2.571	2.116	3.311	2.181	2.06	2.36	2.797	2.884	2.601	2.587	2.231	2.281	2.07	2.203	2.4	2.115	2.082	2.101	2.322	2.509	2.59	2.406	2.226	2.412	2.258	2.101	2.154	2.38	2.308	2.656	2.31	2.486	2.626	2.814	2.50084	1121080.0	1453360.468156
sub-143_T1w	2.22	2.948	2.484	2.425	2.489	2.756	2.595	2.534	3.209	3.136	2.007	2.85	2.953	2.574	2.579	2.787	3.189	3.607	2.503	2.42	2.915	2.266	3.306	2.95	2.578	2.552	2.293	2.196	2.711	2.648	2.871	2.168	2.757	3.146	2.994	2.448	2.841	3.096	2.312	2.248	2.435	2.133	3.223	2.22	1.909	2.316	3.058	2.552	2.728	2.652	2.279	2.212	2.112	2.296	2.388	2.122	2.023	2.354	2.427	2.659	2.673	2.231	2.378	2.511	2.428	2.02	2.212	2.485	2.367	2.236	2.328	2.522	2.451	2.591	2.52893	1007243.0	1329301.011733
sub-144_T1w	2.169	2.424	2.33	2.713	2.584	2.567	2.751	2.607	2.867	2.644	2.014	2.949	2.856	2.545	2.662	2.694	3.243	3.717	2.648	2.281	2.824	2.262	3.43	2.887	2.612	2.727	2.174	2.138	2.747	2.42	2.344	2.189	2.72	3.122	3.039	2.655	2.923	3.109	2.288	2.701	2.552	2.067	3.341	2.17	1.937	2.424	2.896	2.962	2.68	2.772	2.304	2.41	2.219	2.384	2.283	2.263	2.358	2.239	2.272	2.664	2.558	2.149	2.36	2.531	2.34	1.751	2.275	2.574	2.488	2.202	2.389	2.687	2.601	2.747	2.52911	1139127.0	1470135.830215
sub-145_T1w	2.157	2.734	2.335	2.672	2.387	2.606	2.646	2.464	2.777	3.127	1.748	2.67	2.513	2.625	2.471	2.665	3.254	3.628	2.488	2.155	2.767	2.048	3.239	2.636	2.505	2.684	2.229	2.27	2.611	2.463	2.603	1.698	2.715	3.02	3.004	2.613	2.541	3.027	2.133	2.501	2.568	1.956	3.147	1.953	1.928	2.16	2.989	2.658	2.607	2.528	2.069	2.196	2.168	2.313	1.912	2.045	2.042	2.018	2.21	2.356	2.674	2.017	2.231	2.7	2.181	1.872	2.057	2.319	2.257	2.115	2.358	2.424	2.505	2.851	2.42122	974641.0	1284391.004998
sub-146_T1w	2.204	2.608	2.386	2.671	2.546	2.838	2.748	2.662	2.989	3.028	2.018	3.052	2.966	2.923	2.587	2.739	3.484	3.99	2.808	2.49	3.125	1.976	3.518	2.98	2.909	2.801	2.394	2.2	2.85	2.617	2.698	2.949	2.719	3.262	3.242	2.608	3.198	3.259	2.276	2.568	2.434	2.246	3.464	2.124	1.877	2.117	3.062	2.945	2.834	2.931	2.533	2.243	2.045	2.41	2.152	2.288	2.425	2.415	2.392	2.731	2.529	2.268	2.247	2.519	2.472	1.742	2.223	2.354	2.454	2.474	2.366	2.696	2.569	3.033	2.58662	1255852.0	1657808.051614
sub-14_T1w	2.11	2.922	2.102	2.724	2.514	2.554	2.373	2.542	3.091	2.97	1.962	2.921	2.729	2.715	2.652	2.625	3.425	3.435	2.777	2.47	2.891	2.153	3.098	2.72	2.944	2.791	2.408	2.135	2.805	2.493	2.369	1.703	2.722	3.226	3.553	2.512	3.128	3.426	2.35	2.605	2.509	2.057	3.346	2.159	1.851	2.191	2.739	2.767	2.596	3.146	2.496	2.056	1.962	2.058	2.263	2.142	2.291	2.303	2.317	2.688	2.523	2.163	2.294	2.575	2.43	1.956	2.101	2.31	2.18	2.461	2.432	2.8	2.785	2.647	2.53018	1185018.0	1474196.002583
sub-15_T1w	2.44	2.564	2.257	2.998	2.509	2.475	2.499	2.61	3.078	2.437	1.98	3.144	3.056	2.909	2.75	2.927	3.399	3.048	2.717	2.435	3.049	2.015	3.492	2.778	2.812	3.081	2.434	2.219	2.914	2.6	2.288	2.51	2.407	3.539	3.498	2.868	3.09	3.277	2.384	2.91	2.673	2.001	3.188	2.038	1.961	2.34	2.859	2.815	2.71	2.782	2.336	2.323	2.26	2.271	2.761	2.262	2.127	2.334	2.452	2.772	2.688	2.034	2.149	2.771	2.424	1.626	2.186	2.424	2.19	2.608	2.371	2.645	2.686	2.441	2.5743	1117044.0	1441656.27393
sub-16_T1w	2.544	2.631	2.387	3.02	2.51	2.552	2.532	2.456	2.951	2.801	1.993	3.053	3.228	2.878	2.641	2.804	3.54	3.767	2.636	2.491	2.995	2.026	3.184	2.825	2.877	2.853	2.511	2.344	3.01	2.645	2.344	2.114	2.672	3.209	3.264	2.683	2.931	3.212	2.06	2.353	2.616	1.983	3.142	2.021	2.05	2.286	3.232	2.664	2.771	2.531	1.979	2.134	2.024	2.091	2.227	2.12	2.19	2.307	2.473	2.722	2.465	2.132	2.111	2.479	2.27	1.909	2.199	2.422	2.215	2.372	2.506	2.517	2.568	2.492	2.55016	1312838.0	1708974.659648
sub-17_T1w	2.109	2.95	2.45	2.944	2.472	2.621	2.535	2.665	2.945	3.328	1.936	2.834	2.839	2.654	2.595	2.677	3.443	3.226	2.7	2.482	3.024	2.121	3.113	2.933	2.751	2.914	2.406	2.328	2.81	2.664	2.751	2.36	2.587	3.179	3.362	2.804	2.776	3.182	2.083	3.561	2.656	2.269	2.994	2.193	1.968	2.356	2.839	3.008	2.792	2.665	2.282	2.249	2.123	2.26	2.57	2.295	2.289	2.345	2.768	2.659	2.508	2.284	2.57	2.635	2.45	1.816	2.236	2.385	2.314	2.143	2.514	2.408	2.636	2.389	2.56719	1323490.0	1764828.35273
sub-18_T1w	2.425	2.792	2.089	2.888	2.385	2.823	2.408	2.473	3.061	2.863	1.844	2.898	2.765	2.704	2.387	2.729	3.642	3.503	2.621	2.15	3.031	1.967	2.707	2.879	2.528	2.72	2.244	2.116	2.833	2.37	2.613	2.607	2.419	2.988	2.317	2.748	2.871	2.833	2.326	2.145	2.531	2.109	2.804	1.959	1.952	2.221	2.801	2.621	2.692	2.55	2.437	2.051	2.127	2.22	2.012	2.181	2.17	2.292	2.617	2.592	2.454	2.119	2.443	2.413	2.316	1.639	2.024	2.418	2.162	2.347	2.284	2.613	2.612	2.812	2.46489	1190064.0	1620445.784677
sub-19_T1w	2.086	2.598	2.252	2.357	2.412	2.459	2.49	2.576	2.806	2.37	1.929	2.718	2.769	2.61	2.348	2.567	3.229	2.91	2.75	2.416	2.861	2.167	3.35	2.618	2.526	2.645	2.287	2.077	2.503	2.328	2.204	2.737	2.385	3.113	3.186	2.615	2.689	2.987	2.33	2.395	2.487	2.114	2.76	2.198	2.021	2.383	2.833	2.69	2.614	2.566	2.257	2.162	2.033	2.232	2.261	2.169	2.18	2.221	2.567	2.76	2.363	1.956	2.125	2.49	2.305	1.924	2.111	2.59	2.37	2.928	2.296	2.385	2.488	2.757	2.44007	1089338.0	1358448.600449
sub-20_T1w	2.412	2.749	2.163	2.868	2.255	2.37	2.601	2.631	2.725	3.103	2.119	2.764	2.88	2.989	2.516	2.677	2.953	3.324	2.559	2.248	2.796	2.327	3.143	2.444	2.712	2.582	2.286	2.334	2.685	2.456	2.442	2.012	2.428	2.89	2.799	2.659	2.733	2.887	2.344	2.737	2.735	2.004	2.688	2.27	2.052	2.22	3.18	2.715	2.663	2.837	2.256	2.366	2.197	2.299	2.556	2.287	2.255	2.344	2.591	2.354	2.434	2.252	2.235	2.712	2.359	1.442	2.177	2.449	2.453	1.922	2.474	2.728	2.654	2.242	2.48571	1317476.0	1713504.990706
sub-21_T1w	2.418	2.546	2.405	3.119	2.661	2.693	2.428	2.563	2.958	3.081	1.92	2.967	2.801	2.646	2.632	2.844	3.552	3.78	2.792	2.023	2.993	2.22	3.146	2.915	2.755	2.661	2.489	2.233	2.972	2.656	2.844	2.038	2.911	3.176	3.152	2.509	2.991	3.304	2.469	2.644	2.621	2.053	3.249	1.943	2.09	2.331	2.729	2.873	2.851	2.905	2.48	2.306	2.261	2.512	2.63	2.153	2.423	2.322	2.484	2.787	2.431	1.929	2.4	2.875	2.17	1.789	2.236	2.554	2.428	2.602	2.488	2.752	2.73	2.604	2.59328	1184536.0	1629745.766888
sub-22_T1w	2.343	2.574	2.604	2.879	2.689	2.645	2.646	2.578	2.911	2.933	2.167	3.029	3.113	2.682	2.799	2.909	3.376	3.086	2.841	2.596	3.181	2.408	3.329	2.842	2.923	3.065	2.416	2.481	3.114	2.727	2.323	2.956	2.487	3.184	3.457	2.84	2.925	3.208	2.656	2.539	2.663	2.038	3.501	2.394	2.149	2.287	2.897	2.745	2.671	2.904	2.315	2.203	2.229	2.361	2.66	2.402	2.175	2.353	2.34	2.76	2.617	2.355	2.138	2.558	2.482	1.549	2.259	2.509	2.653	2.48	2.402	2.669	2.676	2.576	2.63438	1148092.0	1457617.735029
sub-24_T1w	2.402	2.66	2.478	2.74	2.443	2.55	2.572	2.612	2.977	3.022	2.056	2.812	2.718	2.95	2.634	2.69	3.563	3.622	2.778	2.613	2.992	2.281	3.668	2.851	2.74	2.812	2.492	2.408	2.839	2.685	2.692	2.845	2.287	3.051	3.067	2.612	2.889	3.147	2.111	2.632	2.516	2.219	3.18	2.184	2.097	2.218	2.987	2.829	2.59	2.774	2.43	2.254	2.116	2.331	2.442	2.41	2.269	2.384	2.474	2.51	2.677	2.038	2.164	2.486	2.516	1.976	2.245	2.393	2.432	2.222	2.428	2.632	2.632	2.3	2.57728	1299465.0	1684400.732851
sub-25_T1w	2.469	2.559	2.517	2.788	2.476	2.495	2.706	2.745	3.07	2.629	1.943	2.999	3.005	2.739	2.658	2.733	3.18	3.028	2.656	2.268	3.032	2.27	3.309	2.691	2.859	2.859	2.521	2.392	2.93	2.551	2.524	2.315	2.48	3.136	2.792	2.766	2.977	3.286	2.334	2.589	2.521	2.076	3.256	2.126	2.085	2.398	2.534	2.485	2.547	2.643	2.268	2.346	2.127	2.427	2.638	2.259	2.138	2.191	2.344	2.874	2.577	2.156	2.268	2.582	2.342	1.653	2.334	2.608	2.55	2.129	2.478	2.589	2.678	2.772	2.56899	1251011.0	1656240.278213
sub-26_T1w	2.488	2.606	2.406	2.73	2.488	2.514	2.708	2.6	3.011	2.694	1.899	2.903	2.616	2.552	2.538	2.755	3.224	3.455	2.705	2.265	2.998	2.165	3.659	2.774	2.787	2.847	2.465	2.366	2.924	2.43	2.349	3.192	2.673	3.169	3.121	2.641	3.011	3.111	2.548	2.622	2.554	2.087	3.468	2.032	2.044	2.417	2.75	2.801	2.553	2.919	2.218	2.208	2.083	2.288	2.23	2.175	2.251	2.288	2.4	2.637	2.73	2.011	2.076	2.397	2.273	2.0	2.107	2.483	2.495	2.168	2.458	2.744	2.557	2.351	2.53772	1125552.0	1505275.412362
sub-28_T1w	2.305	2.358	2.361	2.476	2.427	2.452	2.614	2.537	3.105	2.99	1.988	2.655	2.63	2.54	2.447	2.724	3.106	3.407	2.539	2.429	2.774	2.184	3.139	2.766	2.839	2.767	2.465	2.082	2.84	2.536	2.358	2.801	2.547	3.271	3.241	2.555	2.924	3.079	2.081	2.43	2.447	1.96	3.385	2.006	2.026	2.312	2.77	2.718	2.614	2.597	2.175	2.33	2.171	2.316	2.23	2.252	2.14	2.192	2.404	2.378	2.441	2.144	1.857	2.528	2.281	1.854	2.138	2.455	2.381	2.086	2.453	2.513	2.656	2.653	2.49087	1245804.0	1431468.358013
sub-29_T1w	2.313	2.374	2.549	2.996	2.653	2.624	2.738	2.645	2.972	2.895	1.836	3.003	2.953	2.75	2.641	2.861	2.974	3.122	2.563	2.183	2.921	1.989	3.535	2.672	2.813	3.008	2.496	2.395	3.086	2.697	2.358	2.451	2.513	3.216	3.488	2.79	2.889	2.96	2.674	2.421	2.636	1.844	3.228	1.883	2.16	2.258	2.872	2.869	2.821	2.542	2.026	2.207	2.198	2.45	2.63	2.264	2.036	2.119	2.317	2.295	2.534	2.277	2.215	2.706	2.286	1.502	2.296	2.507	2.553	2.352	2.396	2.455	2.671	2.395	2.55086	1155880.0	1478850.020524
sub-30_T1w	2.375	2.596	2.411	2.809	2.62	2.723	2.642	2.707	3.121	3.088	1.939	3.106	3.14	2.907	2.762	3.077	3.356	2.956	2.847	2.52	3.133	2.045	3.575	2.794	2.802	2.9	2.558	2.292	3.209	2.776	2.652	2.746	2.767	3.369	3.486	2.788	3.056	3.188	2.355	2.734	2.547	2.335	3.334	2.181	2.022	2.422	2.89	2.995	2.731	2.974	2.31	2.429	2.187	2.412	2.327	2.103	2.181	2.342	2.465	2.75	2.56	2.08	2.331	2.518	2.413	1.838	2.15	2.432	2.515	2.483	2.492	2.548	2.618	2.563	2.63515	1123479.0	1494742.672651
sub-31_T1w	2.443	2.799	2.633	3.232	2.654	2.4	2.729	2.654	3.181	3.021	1.924	2.805	2.961	2.73	2.578	2.832	3.682	3.409	2.923	2.408	3.226	2.218	3.265	2.839	2.879	3.095	2.797	2.361	3.017	2.732	2.637	2.643	3.052	3.511	3.74	3.181	3.026	3.459	2.508	2.236	2.819	2.411	3.528	1.966	2.108	2.405	2.595	2.923	2.657	3.141	2.361	2.231	2.027	2.141	2.609	2.471	2.38	2.465	2.672	2.738	2.595	1.999	2.204	2.578	2.668	1.738	2.338	2.577	2.458	2.013	2.598	2.883	2.757	3.596	2.67697	1403452.0	1609615.595388
sub-32_T1w	2.382	2.75	2.255	2.438	2.474	2.378	2.568	2.495	3.086	3.435	2.028	2.727	2.53	2.633	2.497	2.651	2.694	3.327	2.72	2.235	3.028	2.263	3.567	2.674	2.834	2.828	2.515	2.129	2.757	2.662	2.497	2.602	2.862	3.192	3.473	3.03	2.752	3.07	2.287	2.348	2.587	2.145	3.332	2.119	2.031	2.231	2.601	2.916	2.608	2.949	2.4	2.304	1.979	2.215	2.356	2.232	2.336	2.352	2.521	2.688	2.557	2.118	2.193	2.327	2.274	2.053	2.226	2.44	2.205	2.335	2.379	2.61	2.658	2.696	2.53414	1394174.0	1754792.806705
sub-33_T1w	2.206	3.08	2.537	2.678	2.475	2.535	2.676	2.555	2.982	3.163	2.007	2.779	3.112	2.828	2.718	2.742	2.788	3.159	2.799	2.587	2.889	2.289	3.307	2.787	2.921	2.907	2.635	2.476	2.967	2.706	2.749	2.713	2.59	3.15	3.177	2.916	3.119	2.989	2.323	2.151	2.687	2.114	3.33	2.084	2.126	2.37	3.106	2.777	2.666	2.714	2.158	2.284	2.124	2.4	2.706	2.327	2.142	2.327	2.571	2.541	2.631	2.06	2.041	2.548	2.532	1.939	2.267	2.522	2.299	2.054	2.528	2.314	2.605	2.537	2.59319	1156015.0	1559668.63433
sub-34_T1w	2.245	2.364	2.24	2.496	2.225	2.411	2.456	2.363	2.817	2.754	1.866	2.864	2.541	2.391	2.455	2.644	2.978	3.137	2.594	2.127	2.682	2.118	3.144	2.508	2.701	2.659	2.279	1.856	2.766	2.384	2.408	2.849	2.644	2.963	3.377	2.645	2.749	2.928	2.017	2.474	2.655	1.817	3.539	1.954	1.957	2.142	2.763	2.889	2.534	2.881	2.325	2.113	1.955	2.276	2.548	2.174	2.42	2.182	2.412	2.549	2.694	1.916	1.939	2.277	2.226	1.701	2.015	2.423	2.212	2.29	2.297	2.532	2.647	2.767	2.42629	1091321.0	1458798.292998
sub-38_T1w	2.345	2.633	2.571	2.56	2.611	2.579	2.789	2.573	3.016	2.948	1.864	2.667	2.658	2.701	2.676	2.832	3.324	3.355	2.67	2.279	2.861	2.413	3.479	2.793	2.74	2.708	2.506	2.341	2.786	2.642	2.646	2.459	2.543	2.858	3.164	2.525	2.762	2.956	2.304	2.252	2.487	2.247	3.203	2.148	2.063	2.448	2.73	2.651	2.784	2.593	2.532	2.362	2.278	2.42	2.338	2.123	2.253	2.186	2.364	2.43	2.52	2.231	2.431	2.738	2.45	1.637	2.216	2.513	2.702	2.615	2.456	2.523	2.5	2.241	2.55413	1123536.0	1461745.192338
sub-39_T1w	2.433	2.868	2.498	2.892	2.459	2.549	2.447	2.522	2.983	2.369	1.99	2.758	2.946	2.487	2.747	2.725	3.428	2.888	2.667	2.459	3.031	2.1	3.567	2.712	2.773	2.83	2.444	2.527	3.15	2.777	2.529	1.965	2.722	3.3	3.813	2.806	2.886	3.119	2.368	2.668	2.631	2.247	3.452	1.981	2.101	2.268	3.386	2.866	2.777	2.52	2.248	2.31	2.275	2.437	2.406	2.28	2.19	2.316	2.356	2.602	2.567	2.33	2.168	2.502	2.416	1.665	2.21	2.459	2.431	2.172	2.345	2.511	2.627	3.204	2.57846	1052245.0	1371083.151273
sub-40_T1w	2.197	2.615	2.438	2.393	2.427	2.471	2.479	2.546	2.865	2.943	2.013	2.683	2.462	2.359	2.497	2.542	3.054	3.523	2.539	2.322	2.986	2.213	2.948	2.535	2.442	2.721	2.313	2.174	2.789	2.386	2.337	2.44	2.151	2.977	3.065	2.522	2.898	2.915	2.122	2.443	2.434	2.068	3.038	2.155	1.995	2.328	2.485	2.63	2.51	3.146	2.118	2.095	2.025	2.229	2.136	2.085	2.07	2.2	2.284	2.676	2.344	1.856	2.184	2.437	2.245	1.98	2.08	2.312	2.259	2.02	2.265	2.636	2.413	2.168	2.42813	1261499.0	1774551.454002
sub-41_T1w	2.208	2.936	2.497	2.756	2.581	2.608	2.624	2.614	2.937	2.807	2.157	2.936	3.163	2.697	2.747	2.844	3.281	2.976	2.88	2.494	2.971	2.306	3.188	2.924	2.938	2.836	2.517	2.463	3.055	2.66	2.476	2.596	2.771	3.108	3.339	2.833	3.058	3.183	2.788	2.621	2.656	2.234	3.134	2.085	2.189	2.269	2.743	2.829	2.771	2.59	2.303	2.318	2.185	2.457	2.431	2.326	2.426	2.404	2.559	2.669	2.621	2.12	2.136	2.532	2.399	1.881	2.295	2.541	2.547	2.003	2.352	2.597	2.609	2.568	2.61478	1279062.0	1683368.180686
sub-42_T1w	2.49	2.618	2.283	2.715	2.55	2.484	2.764	2.477	2.922	2.519	1.853	2.659	2.688	2.659	2.447	2.544	3.151	3.483	2.698	2.531	2.937	2.231	3.356	2.789	2.823	2.643	2.336	2.058	2.711	2.474	2.421	2.289	2.413	2.887	3.227	2.665	2.966	3.018	2.201	2.653	2.773	2.039	2.985	1.985	1.911	2.292	3.175	2.891	2.854	2.781	2.425	2.02	2.154	2.052	2.538	2.259	2.136	2.252	2.54	2.736	2.698	2.397	2.371	2.579	2.418	1.539	2.129	2.296	2.372	2.707	2.543	2.621	2.568	2.411	2.50724	1104171.0	1369839.845124
sub-43_T1w	2.267	2.447	2.247	2.773	2.263	2.501	2.615	2.636	2.977	2.721	1.835	2.839	2.736	2.675	2.509	2.735	3.116	3.246	2.484	2.222	2.986	2.156	3.375	2.594	2.798	2.796	2.452	2.315	2.65	2.518	2.41	2.328	2.755	3.252	3.309	2.7	3.307	3.253	2.126	2.276	2.795	1.963	3.512	1.873	1.919	2.44	2.874	2.845	2.753	2.78	2.267	2.166	2.024	2.253	2.364	2.195	2.188	2.461	2.487	2.513	2.426	2.326	2.265	2.424	2.434	1.77	2.166	2.454	2.395	2.003	2.487	2.834	2.74	3.205	2.51297	1297963.0	1728399.636639
sub-44_T1w	2.3	3.034	2.449	2.893	2.531	2.468	2.584	2.573	2.862	3.085	1.961	2.86	2.845	2.718	2.513	2.739	2.997	2.81	2.658	2.534	2.998	2.18	3.304	2.847	2.757	2.906	2.502	2.45	2.865	2.525	2.77	1.696	3.126	3.437	3.435	2.92	3.11	3.082	2.654	2.385	2.769	2.164	3.286	2.123	2.075	2.266	2.968	2.884	2.565	2.81	2.54	2.344	2.118	2.089	2.416	2.254	2.228	2.301	2.732	2.684	2.728	2.003	2.204	2.392	2.398	1.825	2.273	2.431	2.361	2.218	2.495	2.708	2.616	2.983	2.57129	1212997.0	1503127.418344
sub-45_T1w	2.336	2.47	2.433	2.808	2.587	2.776	2.752	2.715	3.022	2.921	2.134	2.87	3.075	2.643	2.697	2.829	3.451	3.601	2.772	2.407	2.871	2.27	3.534	2.94	2.795	2.758	2.514	2.429	2.95	2.507	2.586	2.464	2.52	3.4	3.063	2.829	3.101	3.207	2.543	2.082	2.64	2.064	3.437	2.258	2.024	2.217	2.794	2.922	2.715	2.828	2.207	2.303	2.291	2.365	2.333	2.217	2.357	2.417	2.433	2.722	2.64	2.092	2.728	2.768	2.382	1.891	2.258	2.47	2.354	2.855	2.402	2.585	2.723	2.589	2.61575	1182053.0	1457444.969018
sub-46_T1w	2.225	2.36	2.355	2.843	2.51	2.52	2.48	2.48	2.837	2.5	2.116	2.796	3.179	2.719	2.525	2.615	2.929	3.302	2.652	2.392	2.928	2.287	3.14	2.694	2.814	2.855	2.564	2.265	2.811	2.443	2.5	2.985	2.542	2.98	2.682	2.726	2.886	3.042	2.52	2.519	2.516	2.11	3.254	2.163	2.017	2.132	2.885	2.58	2.67	2.634	2.058	2.278	1.995	2.29	2.37	2.253	2.324	2.253	2.46	2.514	2.587	2.108	1.967	2.398	2.469	1.697	2.249	2.281	2.457	2.156	2.355	2.525	2.655	2.88	2.5149	1178351.0	1598873.676002
sub-47_T1w	1.852	2.779	2.301	2.86	2.362	2.42	2.422	2.427	2.916	2.776	2.014	2.746	2.847	2.517	2.419	2.579	3.175	3.382	2.601	2.299	3.091	2.271	3.276	2.652	2.478	2.69	2.252	2.169	2.734	2.447	2.509	2.432	2.684	3.021	3.089	2.567	2.748	3.034	2.358	2.281	2.462	2.037	3.05	2.075	2.012	2.136	2.506	2.703	2.5	2.962	2.617	2.199	2.018	2.056	2.21	2.044	2.211	2.247	2.45	2.56	2.706	1.921	2.064	2.406	2.361	1.752	2.12	2.408	2.056	2.023	2.243	2.498	2.466	2.548	2.45418	1096832.0	1169194.541143
sub-48_T1w	2.411	2.72	2.305	2.579	2.399	2.46	2.668	2.547	2.817	3.112	1.958	2.817	2.998	2.503	2.481	2.646	3.241	2.979	2.774	2.283	3.124	2.181	3.305	2.629	2.853	2.96	2.421	2.33	2.763	2.563	2.402	3.083	2.532	3.06	3.449	2.782	3.028	3.156	2.457	2.753	2.506	2.145	3.437	2.084	2.068	2.373	2.885	2.857	2.823	2.747	2.295	2.144	2.115	2.325	2.684	2.324	2.256	2.261	2.44	2.484	2.586	2.14	2.058	2.434	2.284	1.797	2.251	2.39	2.202	2.025	2.308	2.43	2.561	2.437	2.53716	1321373.0	1788122.422098
sub-49_T1w	2.411	2.681	2.416	2.706	2.444	2.49	2.77	2.601	3.078	3.049	1.894	2.86	2.649	2.624	2.661	2.807	3.136	3.36	2.665	2.432	3.219	2.027	3.448	2.682	2.696	2.936	2.455	2.024	2.916	2.53	2.49	2.64	2.815	2.993	2.876	2.653	3.085	3.267	2.399	1.877	2.44	2.14	3.248	2.175	1.956	2.295	2.812	2.736	2.621	2.631	2.401	2.229	1.987	2.307	2.411	2.111	2.133	1.899	2.509	2.759	2.596	2.141	2.363	2.229	2.418	1.819	2.237	2.26	2.457	1.825	2.51	2.703	2.478	3.069	2.5291	1050752.0	1469573.300077
sub-50_T1w	2.205	2.78	2.401	2.901	2.436	2.493	2.54	2.65	3.133	2.935	1.974	2.733	2.61	2.552	2.467	2.674	3.657	3.468	2.726	2.413	2.778	2.22	3.079	2.682	2.812	2.808	2.433	2.336	2.776	2.65	2.534	2.25	2.651	3.122	3.319	2.663	3.092	2.995	2.102	2.615	2.572	2.101	3.096	2.189	2.114	2.223	2.749	2.908	2.853	2.62	2.481	2.079	2.096	2.259	2.534	2.141	2.312	2.312	2.687	2.723	2.644	1.797	2.016	2.528	2.401	1.712	2.266	2.425	2.388	2.037	2.266	2.691	2.677	3.102	2.53913	1328583.0	1680775.993947
sub-51_T1w	2.567	2.831	2.372	3.131	2.615	2.732	2.745	2.76	3.079	2.806	2.062	2.898	3.04	2.592	2.699	2.875	3.47	3.455	2.723	2.415	3.084	2.404	3.593	2.895	2.983	3.037	2.66	2.409	2.993	2.948	2.417	2.424	2.695	3.366	3.412	2.595	3.134	3.234	2.323	2.705	2.74	2.026	3.429	2.129	2.097	2.328	2.892	2.793	2.736	2.704	2.233	2.215	2.199	2.463	2.339	2.388	2.127	2.395	2.438	2.601	2.749	2.265	2.269	2.815	2.416	2.213	2.352	2.535	2.502	2.043	2.55	2.549	2.768	2.414	2.67065	1177156.0	1563253.533097
sub-52_T1w	2.407	3.028	2.403	2.864	2.45	2.481	2.603	2.856	3.128	3.145	1.893	2.932	3.086	2.771	2.795	2.714	3.351	3.523	2.712	2.243	2.939	2.204	3.606	2.926	2.848	2.906	2.51	2.255	3.073	2.709	2.975	2.134	2.496	3.193	3.077	2.498	3.055	3.139	2.365	2.595	2.469	2.121	3.682	1.991	2.13	2.417	3.105	2.817	2.921	2.618	2.31	2.285	1.991	2.303	2.314	2.327	2.258	2.5	2.552	2.699	2.549	2.069	2.29	2.685	2.428	2.146	2.252	2.575	2.434	2.702	2.48	2.646	2.608	2.458	2.59586	1258997.0	1702019.843877
sub-53_T1w	2.299	2.772	2.338	2.834	2.587	2.54	2.559	2.47	2.969	2.574	2.083	2.769	2.93	2.711	2.602	2.838	3.727	3.405	2.632	2.52	2.883	2.032	3.275	2.757	2.747	2.856	2.508	2.425	2.852	2.568	2.794	2.813	2.693	3.354	3.767	2.908	2.86	3.095	2.26	2.471	2.496	2.211	3.47	1.977	2.033	2.297	2.944	2.563	2.642	2.766	2.602	2.153	2.154	2.249	2.224	2.254	2.183	2.476	2.364	2.448	2.487	2.314	2.179	2.631	2.423	2.043	2.084	2.338	2.163	2.217	2.317	2.537	2.548	2.629	2.55279	1178930.0	1601283.227198
sub-54_T1w	2.509	3.002	2.306	2.938	2.429	2.519	2.828	2.615	2.999	3.077	1.775	3.044	3.022	2.785	2.506	2.712	3.551	3.207	2.724	2.501	2.935	1.91	2.971	2.786	2.697	2.98	2.304	2.143	2.821	2.636	2.586	2.253	2.678	3.279	3.417	2.896	2.77	3.16	2.574	2.649	2.62	2.169	3.386	2.028	1.977	2.241	3.005	2.872	2.828	2.668	2.239	2.366	2.261	2.439	2.394	2.199	2.277	2.349	2.378	2.615	2.562	2.162	2.26	2.901	2.282	2.205	2.206	2.473	2.41	2.261	2.384	2.673	2.715	3.121	2.58402	1175844.0	1460090.46832
sub-55_T1w	2.489	2.889	2.415	3.006	2.559	2.553	2.569	2.619	2.913	3.075	1.957	2.888	3.063	2.773	2.642	2.744	3.169	2.981	2.687	2.47	2.998	2.315	3.396	2.767	2.806	2.848	2.463	2.241	2.829	2.65	2.535	3.417	2.982	3.266	3.755	2.822	2.958	3.232	2.339	2.536	2.674	2.008	3.037	2.245	2.097	2.264	3.286	3.323	2.801	2.963	2.263	2.345	2.23	2.285	2.513	2.225	2.132	2.234	2.329	2.843	2.65	2.209	2.385	2.541	2.443	2.231	2.041	2.436	2.311	2.563	2.439	2.608	2.715	2.426	2.60272	1463343.0	1935067.38693
sub-56_T1w	2.305	2.734	2.64	2.723	2.544	2.596	2.887	2.619	3.182	2.838	2.077	2.953	2.934	2.737	2.658	2.792	3.281	3.424	2.713	2.442	3.136	2.29	3.056	2.868	2.843	2.862	2.427	2.21	3.022	2.633	2.727	3.041	2.977	3.22	3.599	2.849	3.044	3.23	2.337	2.318	2.606	2.232	3.529	2.304	2.193	2.288	3.017	3.061	2.743	2.74	2.17	2.337	2.241	2.33	2.23	2.259	2.159	2.234	2.455	2.57	2.647	2.337	2.448	2.505	2.372	1.501	2.299	2.478	2.442	2.008	2.29	2.479	2.642	2.497	2.6142	1430035.0	1860830.120409
sub-57_T1w	2.658	2.942	2.431	2.855	2.578	2.55	2.669	2.713	2.885	2.906	2.202	2.816	3.144	2.889	2.642	2.751	3.328	3.345	2.778	2.522	2.953	2.289	3.425	2.804	2.749	2.751	2.476	2.284	2.941	2.744	2.48	2.373	2.449	3.189	3.061	2.685	3.334	3.045	2.656	2.316	2.576	2.111	3.308	2.226	2.109	2.314	2.682	2.558	2.629	2.649	2.472	2.183	2.218	2.355	2.176	2.296	2.23	2.382	2.44	2.791	2.639	2.394	2.093	2.528	2.515	1.705	2.141	2.533	2.409	2.555	2.39	2.502	2.589	2.466	2.58423	1115899.0	1451904.201482
sub-58_T1w	2.324	2.718	2.449	2.685	2.612	2.487	2.751	2.639	2.78	2.951	1.847	2.903	2.889	2.769	2.577	2.753	2.838	3.739	2.856	2.502	2.968	2.001	3.545	2.778	2.766	2.866	2.503	2.444	3.025	2.562	2.532	1.598	2.523	3.148	3.305	2.727	3.241	3.265	2.046	2.474	2.635	2.022	3.376	1.894	2.145	2.382	3.02	2.756	2.686	2.696	2.348	2.292	2.138	2.204	2.346	2.366	2.344	2.476	2.517	2.942	2.702	1.909	2.09	2.452	2.281	1.75	2.411	2.529	2.572	2.506	2.415	2.609	2.646	2.641	2.57811	1193245.0	1512343.004028
sub-59_T1w	2.402	2.827	2.285	2.873	2.415	2.573	2.642	2.544	2.964	2.515	1.961	2.831	2.909	2.724	2.6	2.663	3.697	3.263	2.609	2.495	3.236	2.273	3.22	2.808	2.854	2.742	2.497	2.046	2.667	2.699	2.675	1.971	2.497	3.111	3.121	2.736	2.794	3.101	2.37	2.277	2.575	2.194	3.373	2.204	1.989	2.34	3.078	2.886	2.66	2.517	2.355	2.249	2.281	2.33	2.32	2.249	2.467	2.256	2.44	2.535	2.545	1.957	2.137	2.496	2.423	1.607	2.154	2.5	2.247	2.121	2.45	2.558	2.539	2.703	2.53848	1089453.0	1420353.172869
sub-60_T1w	2.593	2.848	2.334	3.234	2.494	2.449	2.469	2.604	2.866	2.947	1.988	2.946	2.783	2.838	2.442	2.677	2.358	3.038	2.67	2.365	2.682	2.359	2.992	2.748	2.55	2.95	2.416	2.253	2.758	2.625	2.557	2.72	2.488	3.247	3.542	2.405	2.681	2.888	2.404	2.823	2.538	1.956	3.273	2.058	1.875	2.474	3.12	2.56	2.993	2.648	2.561	2.112	2.029	2.281	2.151	2.221	2.136	2.187	2.489	2.642	2.618	1.963	2.261	2.659	2.42	1.903	2.291	2.267	2.436	2.923	2.46	2.369	2.469	2.506	2.51376	1277820.0	1711431.988736
sub-61_T1w	2.454	2.945	2.608	2.893	2.545	2.415	2.669	2.742	3.068	3.093	2.078	2.973	3.003	2.742	2.624	3.016	3.282	3.658	2.85	2.416	3.155	2.268	3.407	2.905	2.791	2.917	2.405	2.307	2.973	2.673	2.403	2.361	2.868	3.268	3.257	2.84	2.956	3.108	2.605	2.378	2.901	2.108	3.448	1.968	2.015	2.354	3.107	3.124	2.73	2.688	2.457	2.235	2.132	2.352	2.314	2.375	2.391	2.312	2.331	2.768	2.652	2.049	2.728	2.524	2.432	2.042	2.299	2.671	2.452	2.189	2.586	2.561	2.606	3.22	2.62893	1088219.0	1517672.993605
sub-62_T1w	2.426	2.708	2.269	2.702	2.687	2.607	2.783	2.745	3.03	2.976	2.019	2.948	2.866	2.771	2.688	2.843	3.67	3.433	2.882	2.364	3.124	2.146	3.453	2.973	3.001	2.952	2.585	2.133	3.0	2.68	2.559	2.04	2.851	3.402	3.502	2.814	2.948	3.419	2.407	2.426	2.778	1.944	3.551	2.066	2.057	2.374	2.905	2.853	2.765	2.729	2.157	2.3	2.289	2.471	2.321	2.365	2.201	2.441	2.585	2.648	2.716	2.308	2.039	2.563	2.576	1.539	2.14	2.587	2.479	2.69	2.646	2.633	2.665	2.842	2.62271	1213046.0	1574305.536495
sub-63_T1w	2.443	2.716	2.436	2.733	2.485	2.566	2.699	2.762	2.984	3.148	2.006	2.835	2.643	2.756	2.639	2.799	3.476	3.608	2.811	2.285	3.119	2.106	3.031	2.661	2.773	2.866	2.35	1.955	2.911	2.532	2.499	2.271	2.506	2.992	3.265	2.879	2.963	2.959	2.905	2.646	2.79	2.014	3.191	1.991	2.074	2.294	2.845	2.775	2.873	2.862	2.168	2.365	2.262	2.475	2.303	2.257	2.194	2.245	2.485	2.619	2.724	2.339	2.051	2.77	2.327	1.884	2.116	2.423	2.631	2.019	2.416	2.41	2.656	2.487	2.56912	1267114.0	1576669.998108
sub-64_T1w	2.201	2.626	2.342	2.601	2.482	2.561	2.576	2.548	2.815	3.103	2.246	2.767	2.81	2.533	2.493	2.673	2.925	3.338	2.723	2.33	3.1	2.251	3.542	2.761	2.818	2.864	2.5	2.259	2.823	2.496	2.499	1.903	2.779	3.171	3.276	2.798	2.84	2.985	2.172	2.457	2.534	1.97	3.247	2.236	2.0	2.235	2.787	2.858	2.607	2.757	2.25	2.261	2.146	2.43	2.571	2.165	2.335	2.24	2.401	2.604	2.507	2.164	2.136	2.475	2.471	1.932	2.262	2.41	2.423	2.316	2.494	2.561	2.569	2.64	2.5289	1115706.0	1528551.559376
sub-65_T1w	2.737	3.015	2.397	2.945	2.71	2.779	2.728	2.653	3.412	3.417	2.01	2.98	2.712	2.893	2.762	2.965	3.212	3.679	2.732	2.582	3.221	2.269	3.744	2.966	2.942	3.047	2.635	2.263	3.001	2.865	2.581	2.729	2.945	3.514	3.666	2.829	3.288	3.33	2.398	2.474	2.714	2.251	3.676	2.217	2.21	2.446	3.283	2.697	2.793	2.831	2.592	2.334	2.213	2.384	2.867	2.32	2.166	2.406	2.503	2.779	2.662	2.099	2.311	2.731	2.527	1.776	2.318	2.671	2.525	2.463	2.696	2.924	2.641	3.306	2.70332	1123195.0	1469022.424841
sub-66_T1w	2.198	3.02	2.395	2.709	2.617	2.599	2.732	2.663	3.165	2.945	1.9	2.879	2.706	2.671	2.554	2.809	2.992	3.616	2.727	2.384	3.164	2.277	3.352	2.646	2.908	2.912	2.606	2.449	2.848	2.616	2.564	3.253	2.76	3.237	3.755	2.795	3.079	2.999	2.259	2.36	2.72	2.459	3.216	2.169	2.03	2.547	2.842	3.215	3.064	2.825	2.483	2.269	1.97	2.464	2.756	2.312	2.47	2.21	2.622	2.622	2.577	2.052	2.207	2.421	2.288	1.696	2.377	2.447	2.393	1.902	2.637	2.652	2.672	2.62	2.61599	1380511.0	1770241.682124
sub-67_T1w	2.227	2.964	2.319	2.69	2.413	2.441	2.482	2.509	2.978	2.603	1.956	2.802	2.68	2.558	2.558	2.699	3.029	2.732	2.626	2.371	2.903	2.033	3.324	2.565	2.725	2.756	2.419	2.204	2.736	2.677	2.447	2.801	2.516	3.071	3.435	2.746	2.725	3.016	2.542	2.677	2.577	2.156	3.151	2.064	1.991	2.264	3.023	2.928	2.584	2.68	2.272	2.219	2.011	2.164	2.291	2.389	2.367	2.24	2.462	2.536	2.778	2.336	2.163	2.872	2.581	2.152	2.12	2.398	2.103	2.512	2.512	2.442	2.598	2.647	2.5158	1205486.0	1516116.992088
sub-68_T1w	2.599	2.769	2.312	2.816	2.357	2.619	2.63	2.684	3.025	3.285	1.961	2.626	2.908	2.624	2.512	2.701	3.444	3.685	2.805	2.596	3.076	2.165	3.698	2.664	2.91	2.907	2.588	2.186	2.847	2.748	2.807	2.695	2.685	3.125	3.514	2.632	3.044	3.23	2.83	2.337	2.388	2.116	3.639	1.827	1.985	2.298	2.883	2.83	2.858	3.006	2.371	2.127	2.015	2.291	2.218	2.281	2.303	2.394	2.453	2.685	2.671	1.807	2.375	2.628	2.476	1.57	2.192	2.353	2.219	2.155	2.619	2.609	2.664	2.994	2.57504	1137423.0	1443391.067847
sub-69_T1w	2.322	2.649	2.608	2.636	2.388	2.384	2.643	2.629	2.853	2.903	1.886	2.679	2.718	2.541	2.446	2.702	2.776	3.008	2.533	2.538	2.918	2.07	3.021	2.711	2.65	2.767	2.622	2.307	2.96	2.573	2.351	2.957	2.615	2.958	2.969	2.812	2.857	3.036	2.297	2.216	2.569	2.205	3.178	2.025	2.047	2.235	2.995	3.067	2.574	2.518	2.292	2.067	2.052	2.322	2.053	2.259	2.13	2.285	2.327	2.416	2.327	2.046	2.294	2.259	2.273	1.753	2.309	2.677	2.466	2.339	2.354	2.406	2.546	2.383	2.49318	1275233.0	1792038.218448
sub-70_T1w	2.38	2.828	2.752	2.768	2.44	2.601	2.661	2.714	3.096	2.999	2.01	2.898	2.896	2.815	2.623	2.841	3.172	2.871	2.872	2.534	3.086	2.279	2.983	2.748	2.907	2.876	2.459	2.287	3.097	2.738	2.569	2.959	2.735	3.263	3.252	2.638	3.429	3.307	2.245	2.496	2.475	2.321	3.689	2.133	2.142	2.119	3.026	2.835	2.796	2.82	2.692	2.338	2.235	2.333	2.481	2.309	2.356	2.466	2.784	2.778	2.581	2.25	2.137	2.6	2.374	2.048	2.111	2.517	2.239	2.676	2.482	2.843	2.751	2.499	2.63447	1273837.0	1655725.782903
sub-72_T1w	2.243	2.547	2.62	2.677	2.417	2.612	2.659	2.616	2.918	2.73	2.0	2.835	2.749	2.619	2.627	2.828	3.369	3.377	2.511	2.286	2.846	2.182	3.286	2.587	2.723	2.765	2.48	2.374	2.994	2.58	2.557	2.402	2.643	3.094	3.422	2.816	3.067	3.133	2.13	2.36	2.552	2.101	3.175	2.139	2.082	2.221	2.647	2.625	2.672	2.674	2.237	2.235	2.07	2.298	2.238	2.237	2.111	2.24	2.135	2.579	2.588	2.087	2.06	2.558	2.319	1.694	2.253	2.366	2.356	2.268	2.286	2.442	2.577	2.55	2.52691	1087488.0	1442324.027021
sub-73_T1w	2.254	2.533	2.245	2.99	2.56	2.486	2.699	2.661	3.097	3.077	2.024	3.288	3.268	2.719	2.585	2.79	3.085	3.191	2.994	2.259	2.935	2.269	3.23	2.831	2.72	2.764	2.467	2.101	2.825	2.594	2.44	2.015	2.714	3.126	3.548	2.614	3.253	3.219	2.433	2.661	2.473	1.916	3.389	2.218	1.961	2.251	3.06	3.067	2.955	2.597	2.207	2.153	2.024	2.238	2.855	2.228	2.257	2.404	2.673	2.665	2.754	2.094	2.211	2.56	2.474	1.719	2.221	2.529	2.377	2.082	2.39	2.931	2.564	2.763	2.55915	1213239.0	1631777.338028
sub-74_T1w	2.521	2.614	2.552	2.791	2.996	2.6	2.618	2.705	2.986	2.452	2.124	2.547	3.076	2.996	2.626	2.902	2.614	2.709	2.709	2.487	2.973	2.315	2.873	2.81	2.854	3.203	2.578	2.472	2.921	2.593	2.601	2.614	2.739	3.008	2.846	3.115	2.628	3.127	2.852	2.446	2.577	2.145	3.042	2.304	2.076	2.466	2.82	2.919	2.725	2.725	2.449	2.138	2.265	2.21	2.71	2.292	2.409	2.196	2.386	2.6	2.671	2.172	2.001	2.569	2.492	2.005	2.377	2.495	2.624	3.057	2.535	2.409	2.59	2.649	2.59365	1095232.0	1429588.358418
sub-75_T1w	2.186	2.891	2.481	2.8	2.572	2.607	2.771	2.629	3.143	2.455	2.125	2.845	2.913	2.629	2.665	2.842	3.358	3.137	2.794	2.433	3.177	2.162	3.246	3.075	2.75	2.786	2.422	2.422	2.867	2.655	2.366	1.995	2.949	3.449	3.447	2.836	3.247	3.012	2.19	2.31	2.606	2.237	3.053	2.058	1.931	2.36	2.712	2.741	2.487	2.7	2.351	2.13	2.2	2.331	2.406	2.223	2.401	2.454	2.489	2.656	2.584	2.241	2.449	2.826	2.526	2.138	2.049	2.399	2.404	2.886	2.566	2.667	2.578	2.842	2.58799	1041498.0	1349582.064341
sub-76_T1w	2.462	2.82	2.284	2.834	2.605	2.571	2.544	2.595	2.907	3.022	2.113	3.159	2.943	2.583	2.63	2.767	3.38	3.088	2.891	2.516	3.079	2.283	3.283	2.746	2.712	2.896	2.462	2.379	2.846	2.695	2.552	2.848	2.568	3.149	3.364	2.646	3.178	3.023	2.338	2.938	2.596	2.356	3.201	2.299	1.973	2.245	2.684	2.94	2.795	2.918	2.472	2.363	2.055	2.266	2.356	2.236	2.387	2.146	2.576	2.799	2.645	2.235	2.154	2.654	2.5	1.743	2.163	2.565	2.315	2.153	2.377	2.886	2.607	2.846	2.59642	1304353.0	1704383.247759
sub-77_T1w	2.582	2.925	2.377	2.985	2.731	2.609	2.646	2.734	3.348	3.41	2.055	2.764	2.756	2.922	2.629	2.845	3.678	3.275	2.958	2.232	3.094	2.17	3.55	2.946	2.898	2.826	2.502	2.277	3.067	2.77	2.804	2.603	2.65	3.338	3.66	2.821	3.15	3.157	2.253	2.917	2.639	2.106	3.434	2.107	2.143	2.309	2.971	2.778	2.706	2.834	2.501	2.232	2.346	2.409	2.543	2.339	2.228	2.508	2.472	3.05	2.795	2.068	2.366	2.56	2.463	2.263	2.201	2.41	2.346	2.39	2.655	2.673	2.709	3.026	2.64896	1250923.0	1632892.098294
sub-78_T1w	2.303	2.746	2.485	2.955	2.539	2.545	2.531	2.595	2.967	2.872	1.703	2.806	3.441	3.031	2.661	2.84	3.087	3.233	2.753	2.327	3.029	2.043	3.309	2.665	2.867	2.809	2.648	2.349	3.003	2.705	2.492	2.258	2.393	3.003	2.667	2.809	2.733	2.928	2.415	2.789	2.439	2.126	2.973	2.02	2.044	2.384	3.088	2.571	2.65	2.712	2.555	2.25	2.022	2.202	2.369	2.291	2.347	2.427	2.53	2.542	2.629	2.226	2.367	2.252	2.356	1.907	2.378	2.39	2.575	2.485	2.587	2.463	2.521	2.481	2.5454	1095200.0	1415490.035852
sub-79_T1w	2.167	2.75	2.398	2.862	2.435	2.437	2.349	2.569	2.681	2.288	1.989	2.726	2.695	2.816	2.486	2.673	2.838	3.254	2.77	2.426	2.914	2.222	3.337	2.53	2.778	2.819	2.637	2.208	2.86	2.624	2.494	2.471	2.836	3.111	3.564	2.648	2.872	3.021	2.17	2.32	2.62	2.011	3.23	2.097	1.965	2.402	2.473	2.823	2.601	2.754	2.375	2.091	1.977	2.15	2.461	2.267	2.438	2.29	2.36	2.722	2.632	2.299	2.054	2.291	2.583	1.841	2.248	2.254	2.363	2.346	2.494	2.349	2.731	2.831	2.51616	1419197.0	1769775.248013
sub-80_T1w	2.487	2.687	2.404	2.754	2.461	2.72	2.753	2.583	2.914	2.328	1.992	3.036	2.56	2.554	2.655	2.783	3.395	3.18	2.725	2.485	2.99	2.175	3.483	2.661	2.751	2.965	2.734	2.375	2.806	2.712	2.402	3.065	2.421	3.382	3.456	3.024	2.878	3.037	2.335	2.419	2.574	2.286	3.225	2.06	2.079	2.444	2.684	2.787	2.642	2.805	2.393	2.171	2.131	2.381	2.388	2.292	2.417	2.309	2.442	2.812	2.711	2.004	2.062	2.545	2.469	1.772	2.271	2.54	2.459	2.214	2.526	2.351	2.586	2.429	2.59563	1230891.0	1535514.667625
sub-81_T1w	2.426	2.709	2.37	2.801	2.312	2.212	2.565	2.543	2.722	2.99	2.029	3.017	2.541	2.454	2.545	2.648	3.002	3.214	2.744	2.389	3.04	2.194	3.282	2.685	2.98	2.603	2.579	2.298	2.91	2.552	2.505	2.836	2.711	3.272	3.275	2.716	3.038	3.065	2.285	2.36	2.607	2.082	3.457	2.112	1.996	2.225	2.687	2.651	2.713	2.636	2.489	2.056	2.035	2.148	2.241	2.332	2.266	2.4	2.529	2.586	2.55	2.027	1.921	2.483	2.325	1.812	2.146	2.409	2.311	2.139	2.419	2.43	2.584	2.966	2.51435	1255792.0	1710519.644141
sub-82_T1w	2.506	2.958	2.471	2.697	2.569	2.491	2.493	2.505	3.044	2.915	2.159	2.958	2.778	2.827	2.535	2.737	3.359	3.184	2.719	2.571	3.207	2.289	3.431	2.797	2.778	2.921	2.503	2.221	2.826	2.695	2.33	2.828	2.734	3.369	3.169	2.863	3.052	3.064	2.378	2.168	2.661	2.231	3.303	2.243	2.181	2.366	2.762	2.743	2.651	2.827	2.472	2.067	1.992	2.342	2.321	2.285	2.388	2.311	2.703	2.656	2.561	1.747	2.292	2.292	2.539	2.086	2.294	2.574	2.45	2.351	2.367	2.781	2.641	2.422	2.60237	1192794.0	1423758.779533
sub-83_T1w	2.388	2.96	2.336	2.79	2.515	2.391	2.37	2.6	2.811	3.189	2.098	2.762	3.029	2.757	2.664	2.687	3.041	3.418	2.843	2.76	3.017	2.373	3.472	2.906	2.745	2.781	2.648	2.618	2.67	2.727	2.515	3.366	2.922	3.168	3.327	2.666	3.048	3.125	2.64	1.968	2.617	2.319	3.534	2.166	2.082	2.332	2.928	2.799	2.563	2.717	2.443	2.218	2.063	2.251	2.31	2.461	2.422	2.52	2.484	2.845	2.774	2.117	2.335	2.568	2.537	1.818	2.249	2.53	2.4	2.497	2.544	2.741	2.621	2.854	2.60979	1157008.0	1463283.511341
sub-84_T1w	2.29	2.513	2.138	2.66	2.466	2.528	2.579	2.46	2.682	2.995	1.953	2.695	2.753	2.49	2.415	2.501	3.275	3.011	2.684	2.238	2.948	2.084	2.778	2.608	2.602	2.676	2.211	2.233	2.774	2.376	2.418	2.469	2.592	2.95	2.846	2.562	2.834	2.91	2.102	2.14	2.513	1.963	3.04	1.905	1.919	2.299	2.911	2.601	2.356	2.886	2.465	2.029	2.135	2.264	2.425	2.127	2.141	2.225	2.144	2.468	2.354	1.793	1.835	2.292	2.273	2.577	1.995	2.16	2.346	2.412	2.278	2.433	2.452	2.648	2.40096	983355.0	1348021.840734
sub-85_T1w	2.429	3.009	2.475	3.049	2.652	2.671	2.637	2.732	2.823	3.032	2.13	3.0	2.739	2.842	2.714	2.895	3.506	3.557	3.007	2.626	3.017	2.449	3.183	2.75	2.887	2.858	2.598	2.556	3.139	2.711	2.721	3.308	2.637	3.237	3.576	2.877	3.083	3.374	2.27	2.61	2.713	2.298	3.37	2.39	2.212	2.456	2.688	2.689	2.737	2.997	2.421	2.405	2.283	2.406	2.49	2.34	2.39	2.46	2.458	2.795	2.709	1.929	2.187	2.786	2.714	1.526	2.356	2.52	2.5	2.391	2.451	2.779	2.747	2.645	2.68	1142119.0	1478556.193445
sub-86_T1w	1.882	2.635	2.134	2.838	2.245	2.318	2.471	2.437	2.979	2.806	1.77	2.734	2.579	2.525	2.439	2.607	2.975	3.37	2.651	2.221	2.941	2.192	2.676	2.308	2.672	2.779	2.176	1.961	2.68	2.387	2.381	2.971	2.627	2.942	2.799	2.483	2.57	2.883	2.124	2.283	2.672	1.852	2.864	1.952	1.914	2.209	2.657	2.694	2.719	2.747	2.369	2.054	1.908	2.309	2.371	2.267	2.04	2.301	2.296	2.557	2.485	1.807	2.163	2.141	2.238	1.741	2.104	2.309	2.118	2.435	2.454	2.425	2.481	2.385	2.39952	1176985.0	1265441.497313
sub-87_T1w	2.018	2.406	2.131	2.572	2.356	2.362	2.529	2.356	2.786	2.689	1.783	2.773	2.665	2.54	2.326	2.506	3.007	2.637	2.572	2.253	2.707	2.085	3.319	2.521	2.662	2.605	2.463	2.268	2.464	2.427	2.236	2.412	2.706	3.108	3.385	2.588	2.673	2.8	2.349	2.684	2.616	1.839	2.984	1.805	1.874	2.167	2.604	2.759	2.588	2.513	2.193	2.178	2.029	2.216	2.695	2.261	2.297	2.167	2.437	2.429	2.443	1.971	2.08	2.559	2.358	1.867	2.232	2.548	2.322	2.227	2.482	2.332	2.477	2.97	2.39929	1343435.0	1706365.610226
sub-88_T1w	2.004	2.776	2.169	2.798	2.429	2.548	2.547	2.428	2.681	2.665	1.777	2.545	2.58	2.516	2.465	2.553	3.605	3.504	2.536	2.286	2.795	2.198	3.605	2.603	2.664	2.54	2.241	2.237	2.485	2.339	2.298	2.955	2.708	2.895	3.098	2.466	2.842	2.852	2.38	2.255	2.537	2.109	3.522	1.927	1.861	2.057	2.725	3.102	2.487	2.687	2.385	2.016	2.037	2.228	2.4	2.16	2.214	2.143	2.185	2.525	2.688	1.719	2.254	2.494	2.489	1.792	2.031	2.195	2.311	2.392	2.315	2.51	2.407	2.714	2.4296	1055445.0	1238687.211967
sub-89_T1w	2.324	2.931	2.122	2.805	2.418	2.511	2.549	2.527	3.168	2.779	1.864	2.808	2.929	2.901	2.541	2.741	3.363	3.225	2.585	2.484	2.865	2.025	2.934	2.544	2.809	2.867	2.283	2.29	2.802	2.701	2.589	2.925	2.835	3.298	3.17	2.537	3.367	3.093	2.613	2.379	2.576	2.204	3.085	2.077	2.013	2.087	2.679	2.734	2.736	2.629	2.6	2.307	2.121	2.245	2.522	2.218	2.272	2.221	2.489	2.791	2.664	2.186	2.04	2.366	2.184	1.953	2.115	2.562	2.205	2.185	2.367	2.695	2.572	2.594	2.51962	1203482.0	1591849.893366
sub-90_T1w	2.416	2.604	2.268	2.803	2.579	2.463	2.614	2.569	2.866	2.606	2.136	2.934	2.772	2.411	2.653	2.704	3.546	3.326	2.574	2.141	2.846	2.313	3.604	2.88	2.718	2.808	2.378	2.285	2.878	2.624	2.491	2.55	2.547	3.041	3.461	2.55	3.062	3.004	2.449	2.649	2.566	1.968	3.634	2.059	2.029	2.093	2.889	2.586	2.734	2.543	2.283	2.308	2.158	2.247	2.515	2.146	2.213	2.121	2.383	2.596	2.606	2.292	2.419	2.498	2.335	2.005	2.096	2.58	2.384	2.044	2.446	2.544	2.526	2.384	2.52964	1314758.0	1785466.046646
sub-91_T1w	2.381	2.961	2.46	2.855	2.426	2.482	2.471	2.526	2.922	3.113	2.115	2.895	2.884	2.742	2.721	2.779	2.914	3.64	2.914	2.461	3.036	2.15	3.504	3.029	2.939	2.851	2.574	2.169	2.941	2.868	2.383	2.82	2.957	3.325	3.436	2.862	2.873	3.324	2.267	2.263	2.718	2.118	3.407	2.18	1.955	2.453	3.041	2.858	2.739	2.818	2.339	2.111	2.092	2.215	2.226	2.42	2.25	2.387	2.645	2.8	2.644	2.034	2.343	2.635	2.656	1.743	2.125	2.318	2.307	2.465	2.552	2.565	2.738	2.956	2.60984	1228732.0	1576232.173495
sub-92_T1w	2.228	2.704	2.31	2.527	2.312	2.393	2.696	2.692	3.127	3.012	2.057	2.608	2.619	2.507	2.468	2.703	3.509	3.033	2.575	2.331	3.078	1.959	3.399	2.608	2.844	2.675	2.259	2.0	2.572	2.4	2.295	3.005	2.49	3.177	3.343	2.593	3.045	3.011	2.199	2.234	2.535	2.181	3.176	1.964	1.864	2.261	2.791	3.0	2.755	2.556	2.178	2.12	1.971	2.096	2.728	2.251	2.319	2.228	2.675	2.739	2.488	1.932	2.103	2.164	2.206	1.717	2.123	2.42	2.298	1.73	2.498	2.548	2.555	2.309	2.48686	1283573.0	1691198.013233
sub-93_T1w	2.398	2.892	2.413	2.874	2.5	2.511	2.613	2.556	3.064	3.169	1.887	2.767	3.026	2.685	2.542	2.828	3.464	2.933	2.749	2.494	3.075	2.147	3.558	2.937	2.84	2.731	2.389	2.141	2.899	2.578	2.54	2.172	2.597	3.074	3.085	2.68	3.138	3.019	2.139	2.511	2.665	1.934	3.313	1.89	2.031	2.357	2.894	2.51	2.747	2.793	2.468	2.34	2.127	2.452	2.592	2.264	2.289	2.296	2.364	2.659	2.724	2.219	2.233	2.446	2.483	2.128	2.01	2.527	2.444	2.578	2.355	2.534	2.657	2.253	2.57764	1099389.0	1486543.303641
sub-94_T1w	2.587	2.607	2.288	2.75	2.38	2.637	2.613	2.382	2.749	3.035	1.841	2.804	2.967	2.569	2.526	2.713	3.227	3.081	2.697	2.128	2.957	2.121	3.202	2.842	2.656	2.686	2.348	2.327	2.829	2.371	2.421	2.351	2.455	3.035	3.073	2.668	2.964	3.035	2.47	2.183	2.569	1.918	3.308	2.091	1.996	2.09	2.937	2.635	2.802	2.472	2.11	2.23	2.221	2.44	2.207	2.095	2.067	2.179	2.437	2.607	2.546	2.268	2.342	2.467	2.102	1.816	2.145	2.433	2.305	2.561	2.425	2.687	2.576	2.631	2.49267	1171070.0	1460705.295403
sub-95_T1w	2.381	2.977	2.373	2.797	2.529	2.655	2.564	2.565	2.958	2.907	2.305	2.968	3.202	2.951	2.741	2.832	3.499	3.571	2.996	2.764	3.149	2.28	3.829	2.879	3.146	3.129	2.584	2.377	2.961	2.879	2.44	3.293	2.843	3.575	3.721	2.95	3.094	3.303	2.498	2.548	2.712	2.271	3.579	2.184	1.966	2.23	3.211	2.957	2.776	2.789	2.721	2.135	1.983	2.341	2.758	2.409	2.301	2.578	2.841	2.916	2.743	1.925	2.277	2.614	2.457	2.018	2.158	2.42	2.38	3.067	2.467	2.701	2.736	2.795	2.69372	1039676.0	1430973.491575
sub-96_T1w	2.156	2.6	2.435	2.809	2.544	2.767	2.764	2.572	2.944	2.956	2.164	3.098	2.884	2.795	2.608	2.843	3.292	3.365	2.761	2.47	3.189	2.394	3.736	3.09	2.85	2.896	2.368	2.169	3.011	2.677	2.492	2.064	2.71	3.271	3.61	2.833	3.258	3.2	2.165	2.485	2.587	2.003	3.333	2.158	2.062	2.326	2.74	2.797	2.648	2.993	2.291	2.318	2.218	2.367	2.543	2.155	2.008	2.155	2.635	2.83	2.799	2.099	2.411	2.774	2.355	2.138	2.125	2.55	2.334	2.519	2.246	2.509	2.717	2.93	2.6133	1034245.0	1329888.306134
sub-97_T1w	2.504	2.561	2.487	2.743	2.446	2.639	2.51	2.655	3.043	3.052	1.897	2.809	2.722	2.779	2.668	2.732	3.033	3.66	2.537	2.028	2.816	2.159	3.585	2.881	2.749	2.772	2.31	2.405	2.862	2.52	2.735	1.719	2.741	3.115	3.259	2.558	2.87	3.034	2.332	2.669	2.598	2.03	3.317	1.966	2.035	2.226	2.916	2.669	2.634	2.727	2.392	2.166	2.199	2.336	2.694	2.249	2.113	2.26	2.498	2.545	2.558	2.2	2.121	2.713	2.363	2.027	2.275	2.495	2.462	2.39	2.46	2.562	2.636	3.08	2.54454	1197584.0	1628391.219352
sub-99_T1w	2.081	2.889	2.417	3.038	2.462	2.825	2.752	2.689	2.987	2.765	1.883	2.953	2.965	2.754	2.605	2.834	3.421	3.582	2.697	2.409	3.2	2.062	2.932	2.626	2.867	2.977	2.512	2.364	3.019	2.609	2.725	1.945	2.86	3.215	3.522	2.671	2.983	3.14	2.191	2.829	2.625	2.107	3.204	2.203	2.015	2.346	2.865	2.755	2.987	2.612	2.345	2.276	2.271	2.418	2.7	2.362	2.21	2.315	2.42	2.592	2.5	2.182	2.515	2.397	2.34	1.67	2.307	2.598	2.489	2.534	2.623	2.526	2.692	2.827	2.603	1349159.0	1600502.540228
